रजिस्ट्री सं. डी.एल.- 33004/99 REGD. No. 0. L.-33004/99 


Che Gazette of Jndia 


Orci. -SY. et. -37.-242 2022-24377 
CG-DL-E-2422022-24377 


असाधारण 
EXTRAORDINARY 
भाग [l—avs ३---उप-खण्ड (ii) 
PART IJ—Section 3—Sub-section (ii) 


प्राधिकार से प्रकाशित 
PUBLISHED BY AUTHORITY 


a. 5740] नई दिल्‍ली, बुधवार, दिसम्बर 2, 2022/अग्रहायण 30, 944 
No. 5740] NEW DELHI, WEDNESDAY, 77ट7५फारार 2, 2022/AGRAHAYANA 30, 944 


पेट्रोलियम एवं प्राकृतिक गैस मंत्रालय 
अधिसूचना 
नई दिल्‍ली, 44 दिसम्बर, 2022 


का. आ. 5978(अ).--केन्द्रीय सरकार को लोकहित में यह आवश्यक प्रतीत होता है कि इंडियन ऑयल कॉर्पोरेशन 


लिमिटेड को कच्चे तेल के परिवहन के लिए, न्यू मुंद्रापानीपत पाइपलाइन परियोजना के तहत, ASAT गांव से पानीपत तक 
पाइपलाइन को तहसील- भिवानी, जिला- भिवानी, राज्य- हरियाणा मे बिछाई जानी चाहिए। 


और केन्द्रीय सरकार को ऐसी पाइपलाइन बिछाने के प्रयोजन के लिये यह आवश्यक प्रतीत होता है कि ऐसी भूमि 
में जो इस से उपाबद्ध अनुसूची मे वर्णित है, और जिस में उक्त पाइपलाइन बिछाई जाने का प्रस्ताव है, उपयोग के अधिकार 
का अर्जन किया जाए। 


अतः अब, केन्द्रीय सरकार, पेट्रोलियम और खनिज पाइपलाइन (भूमि मे उपयोग के अधिकार का अर्जन) 
अधिनियम, 7962 (962 का 50) की धारा 3 की उपधारा (॥) द्वारा प्रदत्त शक्तियों का प्रयोग करते हुए उस भूमि के 
उपयोग के अधिकार अर्जन करने के अपने आशय की घोषणा करती है । 

कोई व्यक्ति, जो उक्त अनुसुची में वर्णित भूमि में हितबद्ध है, उस तारीख से जिसको इस अधिसूचना में युक्त भारत 


के राजपत्र की प्रतियाँ साधारण जनता को उपलब्ध करा दी जाती है, इक्कीस दिन के भीतर, भूमि के नीचे पाइपलाइन 
बिछाए जाने के लिए, उसमे उपयोग के अधिकार अर्जन के सम्बन्ध में श्री बलराज सिंह, सक्षम प्राधिकारी, न्यू मुंद्रा-पानीपत 


8548 GI/2022 () 


2 THE GAZETTE OF INDIA : EXTRAORDINARY [PART II—SEC. 3(ii)] 


पाइपलाइन परियोजना, इंडियन ऑयल कॉर्पोरेशन लिमिटेड, उत्तरी क्षेत्र पाइपलाइन्स, पानीपत रिफाइनरी के पास, 
बाहोली , पानीपत-432440, हरियाणा को लिखित रूप में आक्षेप भेज सकेगा। 


अनुसूची 
जिला - भिवानी राज्य- हरियाणा 
. . ५ क्षेत्रफल 

तहसील का नाम गांव का नाम मुस्तिल ae | किला नं” Saat | एयर | whe 

() (2) (3) (4) (5) (6) (7) 
fart रुपगढ़ 02 48 00 02 34 
402 ॥7 00 40 44 

402 44 00 08 22 

402 45 00 06 40 

402 6 00 42 28 

402 5 00 00 40 

404 40 00 02 04 

404 / 00 43 05 

404 2/7 00 00 0 

87 24 00 02 39 

87 22/' 00 I 64 

87 49 00 09 25 

87 48/2 00 03 40 

87 42 00 00 40 

87 43/ 00 08 97 

87 43/2 00 03 67 

87 8 00 07 34 

87 7/2 00 02 73 

87 7/ 00 02 39 

87 4 00 42 64 

82 24/2 00 05 80 

82 25/2 00 04 74 

82 46/ 00 I 8 

82 45/2 00 02 43 

84 44/7 00 08 58 

84 40/2 00 40 46 

भिवानी रुपगढ़ 8 0/ 00 02 37 


8 00 02 46 


[भाग avs 3(ii)] 


भारत का राजपत्र : असाधारण 


() 


(2) 


(3) 


(4) 


(5) 


(6) 


भिवानी 


रुपगढ़ 


8 
8 
8 
69 
69 
69 
69 
69 
69 
69 
69 
62 
62 
62 
62 
62 
62 
6 
6 
6 
6 
6 
6 
54 
54 
54 
54 
54 
54 
54 
54 
54 
54 


9/2 
2/ 
2/2 
22 
9/ 


26 
2/3 
2:/2 

22/2/ 
22// 
22/(/2 
9/2/ 
8/2/2 
8//2 
8// 
3// 


00 
0 
00 
2 
03 
00 
07 
2 
06 
05 
2 
09 
00 
02 
4 
4 
0 
00 
09 
0 
00 
04 
05 
03 
00 
02 
03 
05 
05 
04 
04 
02 
00 


THE GAZETTE OF INDIA : EXTRAORDINARY [PART II—SEC. 3(ii)] 


() (2) (3) (4) (5) (6) (7) 


54 3/2/2 00 00 63 
54 44 00 43 75 
54 45 00 00 29 
54 7 00 00 82 
54 6 00 43 52 
54 5 00 02 37 
55 40 00 00 40 
55 / 00 43 34 
55 2 00 00 40 
44 2/2 00 03 30 
44 22 00 42 At 
44 49 00 04 29 
44 48 00 42 
44 43 00 05 28 
44 I4/4 00 08 88 
44 4/2/ 00 00 75 
44 4/2/2 00 00 84 
44 7/2 00 00 3 
44 7AM 00 05 46 
44 7//2 00 00 54 
44 6 00 09 44 
44 5 00 07 26 
43 4/ 00 08 44 
40 2/2 00 05 95 
40 2/ 00 02 64 
40 22/' 00 03 44 
40 20 00 00 54 

भिवानी रुपगढ़ 40 9/2 00 07 97 
40 9/ 00 02 70 
40 2/ 00 04 03 
40 2/2 00 40 45 
40 9 00 40 93 


40 2 00 0 9 


[भाग avs 3(ii)] 


भारत का राजपत्र : असाधारण 


() 


(2) 


(3) 


(4) 


(5) 


(6) 


(7) 


भिवानी 


रुपगढ़ 


27 
27 
27 
27 
27 
27 
27 
27 
27 
27 
24 
24 
24 
24 
24 
24 
24 
24 
24 
24 
24 
24 


22/' 
22/2 


00 
00 
00 
00 
00 
00 
00 
00 
00 
00 
00 
00 
00 
00 
00 
00 
00 
00 
00 
00 
00 
00 
00 
00 
00 
00 
00 
00 
00 
00 
00 


00 
00 


09 
00 
0 
0 
00 
07 
03 
04 
02 
02 
06 
04 
4 
08 
00 
00 
02 
3 
00 
02 
3 
00 
0 
2 
00 
00 
00 
00 
0 
00 
00 


0 
04 


09 
9 

9 

47 
44 
39 
52 
46 
05 
20 
2 
89 
4 

96 
9 

66 
2 
37 
0 
79 
87 
9 
89 
3 
60 
0 
60 
I9 
09 
88 
54 


54 


THE GAZETTE OF INDIA : EXTRAORDINARY [PART II—SEC. 3(ii)] 


() (2) (3) (4) (5) (6) (7) 


45/2 00 00 64 
40 20/2 00 04 06 
40 4 00 44 48 
40 40 00 00 28 
40 42 00 04 94 

भिवानी are गाँव AI 43 00 08 63 
AN 8 00 00 54 
AN 44 00 07 20 
AN 7 00 43 25 
AN 4 00 05 45 
AN 5/2 00 00 40 
AN 5 00 08 58 
29 25/2 00 06 89 
29 25/ 00 04 05 
29 46 00 00 40 
30 2 00 04 65 
30 20 00 42 72 
30 49 00 00 40 
30 4 00 03 00 
30 42 00 40 37 
30 9 00 40 75 
30 2/2 00 00 40 
30 8 00 02 40 

भिवानी are गाँव 30 3 00 43 05 
27 23 00 05 94 
27 24 00 07 2 
27 ॥7 00 42 72 
27 44 00 04 46 
27 46 00 00 43 
27 45 00 42 60 
27 6 00 05 42 
26 40 00 09 83 


26 00 07 36 


[भाग avs 3(ii)] 


भारत का राजपत्र : असाधारण 


() 


(2) 


(3) 


(5) 


(6) 


भिवानी 


भिवानी 


are गाँव 


धिराना कलां 


26 
I9 
I9 
I9 
I9 
I9 
9 
9 
9 
9 
9 
20 
4 
4 
4 
4 
4 
4 
4 
4 
4 
4 
4 
0 
0 
5/7 


86 
86 
86 
86 


(० 00 NY OC 


00 
00 
00 
00 
00 
00 
00 
00 
00 
00 
00 
00 
00 
00 
00 
00 
00 
00 
00 
00 
00 
00 
00 
00 
00 
00 
00 
00 
00 
00 


00 
00 
00 
00 


03 
09 
05 
0 
02 
05 
08 
0 
00 
2 
05 
08 
09 
04 
3 
00 
04 

3 
03 
03 
07 
08 
06 
2 
00 
02 
4 
02 
04 

04 


0 
04 
00 
3 


THE GAZETTE OF INDIA : EXTRAORDINARY [PART II—SEC. 3(ii)] 


() (2) (3) (4) (5) (6) (7) 


85 23 00 03 9 
85 24 00 0 94 
85 i7 00 02 72 
भिवानी निमड़ी वाली 50 24 00 00 40 
50 6 00 / 25 
50 45 00 09 73 
5 00 05 34 
5 0 00 2 06 
5 9 00 03 0 
5 00 00 0 
5 2 00 43 27 
5 3/ 00 00 54 
5 3/2 00 00 0 
48 22 00 00 5 
48 23/ 00 0 4 
48 23/2 00 03 7 
48 23/3 00 09 80 
भिवानी निमड़ी वाली 48 24 00 00 9 
48 8/| 00 0 85 
48 i7 00 43 22 
48 44 00 04 00 
48 45 00 0 97 
48 6 00 06 72 
47 i0 00 08 02 
47 00 09 83 
47 2 00 04 9 
3 22/2 00 00 4 
3 22/' 00 2 37 
3 23 00 0 96 
3 i9 00 00 6 


3 8 00 4 29 


[भाग avs 3(ii)] 


भारत का राजपत्र : असाधारण 


() 


(2) 


(3) 


(5) 


(6) 


भिवानी 


निमड़ी वाली 


3 
3 
3 
3 
3 
3 
32 
26 
26 
26 
26 
26 
26 
26 
26 
26 
26 
26 
25 
25 
7 
7 
7 
7 
7 
7 
7 
8 
8 
8 
8 
8 


00 
00 
00 
00 
00 
00 
00 
00 
00 
00 
00 
00 
00 
00 
00 
00 
00 
00 
00 
00 
00 
00 
00 
00 
00 
00 
00 
00 
00 
00 
00 
00 


04 
00 
3 
04 
0 
07 
07 
0 
02 
2 
00 
0 
4 
02 
00 
2 
05 
3 
07 
00 
05 
2 
2 
00 
05 
07 
2 
2 
00 
02 
0 
00 


THE GAZETTE OF INDIA : EXTRAORDINARY [PART II—SEC. 3(ii)] 


() (2) (3) (4) (5) (6) (7) 


भिवानी पहलाद गढ़ 87 42 00 04 72 
87 43 00 / 02 
87 8 00 02 06 
87 44 00 00 48 
87 7 00 2 6 
87 5/4 00 00 i0 
87 6 00 09 86 
86 0 00 00 57 
86 00 / 38 
86 2 00 2 78 
86 3 00 02 47 
8 22 00 00 3 
8 23 00 0 73 
8 24 00 07 23 

भिवानी पहलाद गढ़ 84 7 00 09 07 
8 i6 00 03 95 
8 5 00 43 65 
8 6 00 0 23 
82 00 00 50 
82 0 00 ' 74 
82 00 05 42 
82 2/' 00 08 68 
72 22 00 i0 
72 23 00 04 03 
72 8 00 43 62 
72 43 00 0 30 
72 7 00 00 50 
72 4/| 00 09 85 
72 74/2 00 02 (2 
72 7 00 08 57 
72 6 00 04 68 


72 5 00 3 24 


[भाग avs 3(ii)] 


भारत का राजपत्र : असाधारण 


ll 


() 


(2) 


(3) 


(5) 


(6) 


(7) 


भिवानी 


भिवानी 


SUT नरसान 


SUT नरसान 


7 
69 
70 
70 
70 
70 
70 
70 


5/7 
57 
57 
5/7 
57 
46 
46 
46 
46 
46 
47 
47 
47 
47 
47 
47 
47 
47 
43 
43 
43 
43 
42 


00 
00 
00 
00 
00 
00 
00 
00 


00 
00 
00 
00 
00 
00 
00 
00 
00 
00 
00 
00 
00 
00 
00 
00 
00 
00 
00 
00 
00 
00 
00 


00 
03 
0 
0 
02 
00 
4 
00 


00 
06 
06 
3 
00 
02 
4 
06 
2 
0 
00 
0 
06 
09 
09 
05 
06 
03 
07 
06 
4 
00 
03 


0 
4 
2 
85 
40 
0 
65 
0 


89 
78 
0 
03 
7 
0 
30 
52 
88 
48 
45 
0 
76 
72 
97 
62 
2/ 
04 
29 
28 
47 
0 
34 


THE GAZETTE OF INDIA : EXTRAORDINARY [PART II—SEC. 3(ii)] 


() (2) (3) (4) (5) (6) (7) 


42 00 43 78 
42 i0 00 00 64 
42 (2 00 0 0 
42 9 00 43 83 
42 2 00 03 A 
42 8 00 00 0 
42 3 00 06 
37 23 00 07 9 
37 24 00 07 28 
37 i7 00 09 36 
37 i6 00 03 50 
भिवानी ढ़ाणा नरसान 37 5 00 43 79 
37 6 00 00 80 
38 00 00 84 
38 0 00 44 52 
38 00 00 20 
38 9 00 0 88 
38 2 00 43 66 
38 3 00 03 36 
29 23 00 09 34 
29 22/3 00 00 0 
भिवानी ढ़ाणा लाडनपुर 75 48 00 02 42 
75 24 00 05 32 
75 7 00 i0 25 
75 6/2 00 05 94 
75 i6/| 00 0 00 
75 5 00 07 68 
74 00 07 39 
74 i0 00 07 0 
74 9 00 0 ॥7 
74 2 00 05 40 


74 3 00 79 


[भाग avs 3(ii)] 


भारत का राजपत्र : असाधारण 


3 


() 


(2) 


(3) 


(4) 


(5) 


(6) 


(7) 


भिवानी 


ढ़ाणा लाडनपुर 


64 
64 
64 
64 
64 
64 
65 
65 
65 
65 
65 
65 
65 
65 
65 
65 
59 
59 
58 
58 
58 
58 
58 
58 
58 
58 
58 
58 
58 
58 
5/7 
55 
55 
55 
55 
55 


23 
24 
7 
25 
6 
5 
20 
2 


00 
00 
00 
00 
00 
00 
00 
00 
00 
00 
00 
00 
00 
00 
00 
00 
00 
00 
00 
00 
00 
00 
00 
00 
00 
00 
00 
00 
00 
00 
00 
00 
00 
00 
00 
00 


03 
3 
02 
00 
4 
0 
00 
3 
04 
09 
0 
00 
03 
4 
02 
0 
00 
2 
0 
02 
09 
04 
04 
00 
05 
08 
04 
0 
09 
07 
05 
IZ 
03 
00 
05 
04 


78 
34 
26 
0 
35 
64 
80 
90 
48 
49 
0 
90 
86 
27 
93 
24 
45 
6 
07 
30 
70 
8 
29 
46 
53 
07 
3 
49 
34 
86 
छा 
9 
0 
50 
29 


THE GAZETTE OF INDIA : EXTRAORDINARY [PART II—SEC. 3(ii)] 


() (2) (3) (4) (5) (6) (7) 


55 42 00 09 86 
55 9 00 04 
भिवानी कोंट 39 3 00 04 59 
39 8 00 49 
39 3 00 08 96 
39 4 00 04 04 
38 24 00 42 99 
38 ॥7 00 04 95 
38 46 00 08 04 
38 45 00 42 52 
38 6 00 04 42 
37 00 00 47 
37 40 00 40 49 
37 ] 00 09 73 
37 2 00 04 52 
30 22 00 40 75 
30 23 00 06 43 
30 48 00 07 86 
30 ॥7 00 40 2 
30 44 00 04 55 
30 45 00 42 92 
30 6/2 00 04 93 
30 6/ 00 00 28 
34 4/ 00 00 2 
34 40 00 44 54 
34 9/2 00 00 74 
34 00 00 49 
34 2/2 00 07 88 
34 3 00 07 60 
26 23 00 42 67 
26 24/ 00 00 32 
26 48 00 07 58 
26 7 00 2 25 
भिवानी कोंट 26 44 00 06 90 


26 5 00 06 94 


[भाग avs 3(ii)] 


भारत का राजपत्र : असाधारण 


5 


() 


(2) 


(3) 


(4) 


(5) 


(6) 


(7) 


भिवानी 


भिवानी 


उमरावत 


उमरावत 


26 


58 
58 
59 
59 
56 
56 
56 
56 
56 
56 
56 
56 
56 
56 
43 
43 
44 
44 
44 
44 
44 
44 
44 
44 
44 
39 
39 
39 
39 
39 
39 
38 
38 


6 


00 


00 
00 
00 
00 
00 
00 
00 
00 
00 
00 
00 
00 
00 
00 
00 
00 
00 
00 
00 
00 
00 
00 
00 
00 
00 
00 
00 
00 
00 
00 
00 
00 
00 


03 


08 
00 
04 
3 
04 
09 
09 
03 
43 
00 
04 
4 
07 
06 
2 
00 
04 
3 
04 
08 
0 
03 
00 
3 
00 
02 
4 
08 
04 
4 
00 
09 
2 


54 


7 
29 
65 
54 
29 
54 
95 
88 
65 
8 
95 
88 
43 
44 
58 
50 
25 
33 
90 
93 
56 
27 
0 
76 
0 
45 
38 
04 
97 
62 
64 
54 
03 


THE GAZETTE OF INDIA : EXTRAORDINARY [PART II—SEC. 3(ii)] 


() (2) (3) (4) (5) (6) (7) 


38 2 00 00 83 
29 2 00 00 63 
29 22 00 52 
29 9 00 09 79 
29 8 00 03 07 
29 (2 00 00 0 
29 43 00 42 84 
29 8 00 06 63 
29 7 00 06 23 
29 4 00 (2 86 
29 5 00 00 0 
20 24 00 03 44 
20 25 00 09 42 
20 6/2 00 0 62 
20 75// 00 00 68 
9 20/2 00 00 0 
9 20/' 00 00 5 
9 /2 00 00 37 
9 47/( 00 i 46 
i9 0 00 09 90 
i9 00 00 0 
i9 9 00 02 89 
i9 2 00 i! 82 
43 22 00 i! 70 
भिवानी उमरावत ‘ie 23 00 00 6 
43 9 00 02 87 
43 8 00 09 00 
43 43 00 i/ 86 
43 8 00 08 84 
43 7 00 03 02 
43 3 00 00 43 
43 4 00 73 
3 24 00 0 44 


भिवानी भिवानी लोहड़ 279 24/ 00 09 44 


[भाग avs 3(ii)] 


भारत का राजपत्र : असाधारण 


l7 


() 


(2) 


(3) 


(4) 


(5) 


(6) 


(7) 


भिवानी 


भिवानी लोहड़ 


279 
279 
279 
279 
279 
279 
279 
279 
278 
278 
275 
275 
275 
275 
275 
275 
275 
275 
275 
263 
263 
263 
263 
263 
263 
263 
263 
263 
263 
258 
258 
258 
258 
258 
259 
259 


24/2 
7/4 
25 


00 
00 
00 
00 
00 
00 
00 
00 
00 
00 
00 
00 
00 
00 
00 
00 
00 
00 
00 
00 
00 
00 
00 
00 
00 
00 
00 
00 
00 
00 
00 
00 
00 
00 
00 
00 


00 
04 
00 
07 
4 
09 
00 
00 
02 
4 
4 
04 
07 
05 
06 
0 
00 
00 
0 
4 
04 
07 
4 
04 
07 
00 
0 
05 
05 
02 
07 
00 
03 
00 
06 
04 


8 
07 
0 
80 
87 
78 
44 
0 
09 
45 
87 
47 
40 
30 
57 
05 
56 
66 
23 
87 
87 
00 
87 
98 
30 
24 
57 
89 
28 
97 
9 
0 
76 
0 
59 
95 


THE GAZETTE OF INDIA : EXTRAORDINARY [PART II—SEC. 3(ii)] 


() (2) (3) (4) (5) (6) (7) 


259 /' 00 06 93 
259 i0 00 0 53 
259 9 00 0 34 
259 00 00 88 
259 2/2 00 03 Al 
259 2/' 00 07 58 
235 22 00 / 87 
235 i9 00 0 57 
भिवानी नाथुवास 78 49 00 03 85 
78 8 00 05 44 
78 43 00 0 86 
78 8 00 9 
भिवानी नाथुवास 78 7 00 00 34 
78 3 00 0 0 
78 4 00 i0 03 
72 24 00 09 43 
भिवानी निनान 22 7 00 05 02 
22 i6 00 08 22 
22 5 00 78 
22 6 00 07 50 
22 5 00 00 i0 
2 0 00 02 90 
2 00 / 60 
20 2 00 / 78 
20 20 00 04 88 
20 i9 00 06 90 
20 (2 00 / 78 
20 9 00 0 97 
20 8 00 00 8 
20 2/2 00 0 5 
20 3 00 0 27 
23 00 / 78 


8 00 0 38 


[भाग avs 3(ii)] 


भारत का राजपत्र : असाधारण 


9 


() 


(2) 


(3) 


(4) 


(5) 


(6) 


(7) 


भिवानी 


भिवानी 


नौरंगाबाद 


नौरंगाबाद 


7 


/5 
/5 
/5 
/5 
/5 
/5 
74 
74 
74 
74 
73 
73 
73 
73 
73 
57 
5/7 
5/7 
5/7 
5/7 
5/7 
5/7 
5/7 
5/7 
54 
54 
54 
54 
54 
54 
35 
35 
35 


3 


22/' 
22/2/ 
22/2/2 

9 
2 
9 
0 


00 


00 
09 
4 
00 
03 
08 
4 
06 
03 
00 
04 
06 
05 
07 
03 
00 
0 
08 
00 
06 
04 

0 
02 
08 
0 
0 
0 
0 


60 


23 
62 
66 
2 
9 
59 
3 
84 
7 
64 
77 
4 
78 
46 
32 
3 
88 
77 
4 
06 
40 
46 
28 
46 
06 
05 
87 
72 
5 
27 
87 
87 
87 


THE GAZETTE OF INDIA : EXTRAORDINARY [PART II—SEC. 3(ii)] 


() (2) (3) (4) (5) (6) (7) 


35 0/2 00 0 67 
35 0/4 00 07 4 
35 00 0 87 
3 22 00 00 7 
भिवानी नौरंगाबाद 34 2 00 0 0 
3 20 00 09 32 
3 9 00 0 55 
3 00 07 69 
3 (2/' 00 03 8 
3 9/2 00 04 8 
3 0 00 06 07 
3 {/2 00 04 23 
3 2 00 06 03 
(2 2 00 02 70 
(2 22 00 05 03 
(2 20 00 0 8 
(2 9/2 00 09 69 
(2 ' 00 00 i0 
(2 (2 00 0 83 
(2 9 00 0 87 
(2 2 00 0 87 
9 22 00 0 2f 
9 9 00 0 87 
9 (2 00 0 87 
9 00 0 87 
9 00 09 97 
2 22 00 0 2/ 
2 9/' 00 0 88 
2 (2 00 0 96 
2 9 00 03 6 
भिवानी बामला 80 9 00 08 50 
80 2 00 07 89 
80 3 00 0 54 


भिवानी बामला 55 22 00 03 99 


[भाग avs 3(ii)] 


भारत का राजपत्र : असाधारण 


2] 


() 


(2) 


(3) 


(4) 


(5) 


(6) 


(7) 


भिवानी 


कालूबास 


55 
55 
55 
55 
55 
55 
53 
53 
53 
53 
53 
53 
53 
29 
29 
29 
29 
29 
29 
29 
29 
27 
27 
27 
27 
27 
27 


7/2 
7/4 


24 


00 
00 
00 
00 
00 
00 
00 
00 
00 
00 
00 
00 
00 
00 
00 
00 
00 
00 
00 
00 
00 
00 
00 
00 
00 
00 
00 
00 
00 


00 
00 
00 
00 
00 
00 


06 
00 
0 
0 
0 
0 
0 
0 
0 
0 
00 
08 
02 
06 
04 
03 
07 
00 
0 
0 
09 
0 
02 
07 
0 
0 
0 
0 
0 


00 
09 
0 
0 
0 
0 


96 
25 
70 
96 
96 
96 
95 
89 
89 
73 
5 
68 
2/ 

06 
82 
45 
44 
87 
04 

89 
98 
89 
34 
95 
88 
86 
86 
39 
44 


38 
09 
86 
86 
86 
86 


THE GAZETTE OF INDIA : EXTRAORDINARY [PART II—SEC. 3(ii)] 


() (2) (3) (4) (5) (6) (7) 


3 7 00 02 58 
3 4 00 03 84 
भिवानी गुजरानी 463 44 00 06 29 
63 7 00 0 86 
63 4 00 0 86 
59 24 00 0 86 
59 7/2 00 04 53 
59 7/4 00 06 34 
59 74/2 00 03 32 
59 4/4 00 08 35 
59 7 00 06 40 
59 6/2 00 06 27 
59 6/ 00 00 46 
59 5/ 00 06 42 
59 5/2 00 04 69 
29 25 00 00 8 
60 00 0 96 
28 2 00 43 65 
28 20 00 03 87 
28 9 00 09 96 
28 2 00 09 52 
28 43 00 04 88 
28 8 00 09 37 
28 7 00 2 70 
भिवानी गुजरानी 428 6/2 00 0 63 
28 6/ 00 00 29 
28 5 00 0 78 
27 0 00 0 00 
27 /4 00 0 43 
27 /2 00 08 64 
27 2 00 2 70 
27 3 00 03 22 


26 23 00 00 0 


[भाग avs 3(ii)] 


भारत का राजपत्र : असाधारण 


23 


() 


(2) 


(3) 


(5) 


(6) 


(7) 


भिवानी 


भिवानी 


रिवाड़ी 


रिवाड़ी 


45 
74 
74 
74 
74 
74 
74 
3 
3 
3 
3 
3 
3 
/5 
/5 
/5 
/5 
/5 
/5 
76 
76 
76 
76 
76 
76 
76 
70 
70 
70 
70 
70 
70 
69 
69 
69 
69 


04 
06 
08 
00 
09 
03 
4 
02 
2 
00 
0 
4 
03 
00 
2 
05 
09 
08 
07 
08 
05 
03 
08 
04 
2 
00 
04 
3 
04 
00 
3 
00 
00 
3 
00 
02 


4 
23 
02 
82 
83 
53 
56 
2 
93 
49 
27 
03 
2) 
0 
05 
7 
54 
6 
27 
93 
70 
35 
0 
3 
99 
0 
49 
84 
39 
44 
83 
8 
73 
98 
3 
02 


THE GAZETTE OF INDIA : EXTRAORDINARY [PART II—SEC. 3(ii)] 


() (2) (3) (4) (5) (6) (7) 


69 9/2 00 00 58 
69 o/4 00 43 74 
69 2/2 00 00 88 
69 8 00 00 74 
69 3 00 44 23 
69 AM 00 00 40 
38 23 00 04 35 
38 24 00 44 62 
38 7/2 00 04 26 
38 6/2 00 06 87 
38 6/ 00 04 32 
38 45 00 05 68 
39 4/2 00 00 27 
39 4/ 00 09 60 
39 40 00 07 00 
भिवानी रिवाड़ी 39 9 00 08 44 
39 2 00 09 63 
39 3 00 05 44 
33 23 00 07 39 
00 484 00 27 74 
33 44 00 04 34 
33 46 00 00 42 
33 45 00 43 43 
33 6 00 03 96 
32 40 00 08 75 
32 | 00 07 04 
32 2 00 07 78 
40 22 00 05 53 
40 23/ 00 00 40 
भिवानी चॉँग 345 22 00 06 02 
345 23/ 00 02 7 
345 23/2 00 00 59 
345 49 00 00 40 
345 8/2 00 04 07 


35 8/ 00 2 97 


[भाग avs 3(ii)] 


भारत का राजपत्र : असाधारण 


25 


() 


(2) 


(3) 


(4) 


(6) 


(7) 


भिवानी 


uy 


चाग 


35 
35 
35 
35 
35 
35 
35 
35 
374 
307 
307 
307 
307 
307 
307 
307 
307 
307 
307 
288 
288 
288 
287 
287 
287 
287 
287 
287 
287 
287 
287 
287 
287 
287 
275 
275 


7 


00 
04 
00 
05 
04 
04 
0 
03 
2 
00 
00 
3 
04 
0 
08 
04 
2 
0 
00 
3 
02 
00 
3 
02 
4 
00 
04 
03 
0 
02 
02 
04 
05 
07 
08 


24 
/5 
/5 
79 
U7 
3 
2/ 
03 
47 
94 
83 
47 
48 
24 
05 
50 
40 
53 
U7 
0 
74 
46 
0 
4 
79 
45 
56 
64 
88 
6 
94 
54 
2' 
06 
57 


THE GAZETTE OF INDIA : EXTRAORDINARY [PART II—SEC. 3(ii)] 


() (2) (3) (4) (5) (6) (7) 


275 6 00 08 22 
276 20 00 06 45 
276 00 09 37 
276 (2/' 00 06 26 
276 9 00 08 85 
भिवानी चॉग 276 8 00 2 45 
276 7 00 08 0 
276 4 00 06 52 
276 5 00 05 80 
शा 4 00 (2 45 
2/7 2 00 82 
2/7 3 00 0 9 
252 22 00 00 75 
252 23 00 43 60 
252 8 00 04 i/ 
252 7 00 08 76 
252 44 00 09 40 
252 45 00 04 94 
252 6/2/2 00 05 52 
252 6/ 00 07 72 
252 5/2 00 00 85 
25/ 0/4 00 00 80 
25/ 00 43 20 
243 2 00 05 03 
243 22/' 00 05 96 
243 22/2 00 00 87 
243 9/' 00 00 i0 
243 9/2 00 09 (2 
243 8 00 04 03 
243 43 00 43 22 
243 8 00 00 83 
243 44 00 00 42 
243 7 00 (2 67 
243 4 00 05 95 
243 5 00 08 i0 


26 25 00 09 98 


[भाग avs 3(ii)] 


भारत का राजपत्र : असाधारण 


27 


() 


(2) 


(3) 


(4) 


(5) 


(6) 


(7) 


भिवानी 


भिवानी 


चॉग 


ह 


चाग 


25 
25 
25 
25 
25 
25 
25 
25 
25 
25 
25 
208 
208 
208 
208 
208 
208 
209 
209 
209 
209 
209 
209 
78 
78 
78 
78 
78 
78 
78 
77 
77 
77 
77 
74 
74 


00 
00 
00 
00 
00 
00 
00 
00 
00 
00 
00 
00 
00 
00 
00 
00 
00 
00 
00 
00 
00 
00 
00 
00 
00 
00 
00 
00 
00 
00 
00 
00 
00 
00 
00 
00 


03 
3 
02 
00 
2 
06 
07 
08 
0 
00 
02 
00 
3 
00 
02 
2 
04 
09 
08 
06 
07 
03 
03 
3 
04 
00 
4 
02 
04 
09 
06 
06 
00 
0 
04 


4 
89 
03 
5 
04 
86 
8 
43 
47 
0 
8 
0 
96 
0 
53 
30 
55 
46 
25 
58 
42 
72 
69 
57 
27 
46 
27 
8 
43 
96 
87 
96 
छा 
0 
73 
0 


THE GAZETTE OF INDIA : EXTRAORDINARY [PART II—SEC. 3(ii)] 


() (2) (3) (4) (5) (6) (7) 


74 8 00 3 30 
74 7 00 04 53 
74 3 00 00 32 
74 4 00 3 86 
74 7 00 00 27 
74 5 00 00 9 
74 6/2 00 0 50 
74 6/ 00 02 47 
74 5 00 04 56 
75 | 00 0 28 
45 2:/2 00 07 44 
45 22 00 07 4 
45 9 00 0 86 
45 (2/2 00 0 0 
45 9 00 09 94 
45 2 00 03 53 
भिवानी सै 83 2 00 07 35 
83 3 00 00 35 
82 22 00 04 58 
82 23 00 78 
82 8/2 00 08 60 
82 7 00 04 75 
82 4 00 3 25 
82 7 00 04 86 
भिवानी सै 82 6 00 09 7 
82 5 00 08 89 
8 00 02 40 
67 2) 00 2 66 
67 20 00 06 7 
67 9 00 05 97 
67 2 00 2 68 
67 9 00 04 72 
67 8 00 07 96 


67 3/2 00 04 4/ 


[भाग avs 3(ii)] 


भारत का राजपत्र : असाधारण 


29 


() 


(2) 


(3) 


(5) 


(6) 


(7) 


भिवानी 


67 
67 
64 
64 
64 
64 
64 
64 
64 
64 
64 
63 
63 
52 
52 
52 
52 
52 
52 
52 
52 
52 
52 
47 
47 
47 
47 
47 
47 
47 
46 
34 
34 
35 
35 
35 


00 
00 
00 
00 
00 
00 
00 
00 
00 
00 
00 
00 
00 
00 
00 
00 
00 
00 
00 
00 
00 
00 
00 
00 
00 
00 
00 
00 
00 
00 
00 
00 
00 
00 
00 
00 


00 
02 
09 
06 
05 
04 
00 
00 
04 
2 
0 
00 
02 
04 
00 
0 
2 
00 
03 
08 
2 
06 
05 
2 
09 
04 
00 
00 
09 
0 
05 


2/ 
0 
78 
90 
34 
75 
32 
59 
37 
02 
39 
66 
29 
3 
3 
3 
82 
56 
60 
57 
53 
3 
0 
89 
24 
3 
74 
39 
3 
45 
67 
85 
0 
42 
87 
68 


30 THE GAZETTE OF INDIA : EXTRAORDINARY [PART II—SEC. 3(ii)] 


(7) (2) (3) (4) (5) (6) (7) 
35 40 00 40 89 
35 | 00 At 
28 2I 00 At 
28 20 00 06 25 
28 49 00 05 46 
28 42 00 40 
28 00 00 40 
28 9 00 At 
28 2 00 0 03 
28 ३/ 00 07 38 
44 22 00 07 40 
44 23 00 09 68 
44 48 00 44 At 
44 43 00 40 
44 44 00 00 40 
44 8/2 00 05 49 

भिवानी सै 4 7 00 06 22 
44 4 00 49 
40 24 00 49 
40 ॥7 00 05 74 
40 46 00 00 94 


[फा. सं. Are-707/6/2022-atare-Il/2-45 6] 


पी सोमाकुमार, अवर सचिव 


MINISTRY OF PETROLEUM AND NATURAL GAS 
NOTIFICATION 
New Delhi, the 4th December, 2022 


S.O. 5978(E).— Whereas, it appears to the Central Government that it is necessary in the public interest to 
lay Crude Oil Pipeline from Chudva to Panipat under New Mundra - Panipat Pipeline Project by Indian Oil 
Corporation Limited in Tehsil-Bhiwani of Bhiwani District in the State of Haryana. 


And whereas, it appears to the Central Government that for the purpose of laying the said pipeline, it is 
necessary to acquire the right of user in the land described in the schedule annexed to this notification. 


Now, therefore, in exercise of the powers conferred by Sub Section (|) of Section 3 of the Petroleum and 
Minerals Pipelines (Acquisition of Right of User in land) Act, l962 (50 of 962), the Central Government hereby 
declares its intention to acquire the right of user therein. 


Any person interested in the land described in the said schedule may, within twenty—one days from the date 
on which the copies of this notification, as published in the Gazette of India, are made available to the General Public, 
object in writing to the acquisition of the right of user therein or laying of the pipeline under the land to Shri Balraj 
Singh, Competent Authority, New Mundra Panipat Pipeline Project, Indian Oil Corporation Limited, Northern Region 
Pipelines, Near Panipat Refinery, Baholi Panipat- 3240, Haryana 


[भाग avs 3(ii)] 


भारत का राजपत्र : असाधारण 


3] 


SCHEDULE 
District:- Bhiwani State :- Haryana 

Name of Tehsil Name of Village Mustil No. एकल Hectare Area Sq.mtr. 

d) (2) | (3) (4) (5) (6) (7) 
Bhiwani Rupgarh 02 8 00 02 3] 
02 7 00 0 4 
02 4 00 08 22 
02 5 00 06 l0 
02 6 00 2 28 
02 5 00 00 l0 

0 ]0 00 02 04 

0 ] 00 3 05 

0 2/I 00 00 l0 

87 2] 00 02 39 

87 22/] 00 l] 64 

87 9 00 09 25 

87 8/2 00 03 40 

87 2 00 00 l0 

87 3/] 00 08 97 

87 3/2 00 03 67 

87 8 00 07 34 

87 7/2 00 02 73 

87 है 00 02 39 

87 4 00 2 64 

82 24/2 00 05 80 

82 25/2 00 04 74 

82 6/] 00 l] 8] 

82 5/2 00 02 43 

8l I/] 00 08 58 

8l 0/2 00 0 6 

8l 0/ 00 02 37 
Bhiwani Rupgarh 8l 00 02 46 
gl 9/2 00 00 2 

8l 2/I 00 0 l] 

8l 2/2 00 00 l0 

69 22 00 ]2 07 

69 9/ 00 03 42 

69 23 00 00 l0 

69 8 00 07 66 

69 3 00 2 09 

69 8 00 06 68 

69 7 00 05 4] 

69 4 00 2 09 

62 24 00 09 73 

62 7 00 00 24 

62 25 00 02 36 

62 6 00 ll 85 

62 5 00 l] 57 

62 6 00 0l 70 

6l l] 00 00 52 

6l 0/2 00 09 हि 

6] /l 00 0l 44 


THE GAZETTE OF INDIA : EXTRAORDINARY 


[PART II—SEC. 3(ii)] 


() (2) | (3) | 4 | ®& @ | @ 
6l 0/ 00 00 0 
6l /2 00 04 47 
6] 26 00 05 09 
54 2/3 00 03 68 
54 हम 00 00 30 
54 22/2/] 00 02 4 
54 22/I/] 00 03 8 
54 22//2 00 05 9 
54 9/2/] 00 05 56 
54 8/2/2 00 04 67 

Bhiwani Rupgarh 54 8/I/2 00 04 55 
54 8/I/L 00 02 37 
54 I3/I/L 00 00 74 
54 3/2/2 00 00 63 
54 4 00 3 75 
54 5 00 00 29 
54 7 00 00 82 
54 6 00 3 52 
54 5 00 02 37 
55 0 00 00 0 
55 ] 00 3 34 
55 2 00 00 0 
44 2/2 00 03 30 
44 22 00 2 4] 
44 9 00 04 29 
44 8 00 l] 42 
44 3 00 05 28 
44 4/] 00 08 88 
44 4/2/] 00 00 75 
44 4/2/2 00 00 8l 
44 7/2 00 00 3] 
44 TAAL 00 05 46 
44 TAI2 00 00 5] 
44 6 00 09 44 
44 5 00 07 26 
43 /l 00 08 44 
40 हम 00 05 95 
40 2I/] 00 02 64 
40 22/ 00 03 44 
40 20 00 00 5] 
40 9/2 00 07 97 

Bhiwani Rupgarh 40 9/] 00 02 70 
40 2/] 00 0l 03 
40 2/2 00 0 5 
40 9 00 0 93 
40 2 00 0 9] 
27 22/] 00 09 09 
27 22/2 00 00 9] 
27 9 00 0 9] 
27 2 00 0 47 
27 l] 00 00 44 
27 9 00 07 39 


[भाग avs 3(ii)] 


भारत का राजपत्र : असाधारण 


() (2) | G3) | «4 (5) (6) (7) 
27 l0 00 03 52 
27 /2 00 04 46 
27 2 00 02 05 
27 II 00 02 20 
24 2/2 00 06 2 
24 2I/] 00 04 89 
24 20 00 l] l] 
24 /2 00 08 96 
24 LI/] 00 00 9] 
24 2/] 00 00 66 
24 l0 00 02 2 
24 9 00 3 37 
24 8 00 00 0 
24 2 00 02 79 
24 3 00 3 87 
24 4 00 00 9 
l] 23/2 00 Ol 89 
l] 24/2 00 2 3 
l] 24/ 00 00 60 
l] 7/4 00 00 0 

Bhiwani Rupgarh il 24/3 00 00 60 
l] 7/3 00 00 9 
l] 24/4 00 Ol 09 
l] l7/] 00 00 88 
ll 25/] 00 00 54 
ll 6/2 00 0 ll 
ll l6/ 00 04 5] 
ll 5/2 00 00 | 
0 20/2 00 Ol 06 
0 Il 00 4 48 
0 0 00 00 28 
l0 2 00 04 94 

Bhiwani Nandgaon 4 3 00 08 63 
Al 8 00 00 54 
4 4 00 Ol 20 
4 7 00 3 25 
4 4 00 05 5 
Al 5/2 00 00 0 
4 5 00 08 58 
29 25/2 00 06 89 
29 25/ 00 04 05 
29 6 00 00 0 
30 2] 00 Ol 65 
30 20 00 2 72 
30 9 00 00 0 
30 l] 00 03 00 
30 2 00 l0 37 
30 9 00 0 75 
30 2/2 00 00 0 
30 8 00 02 40 
30 3 00 3 05 
Bhiwani Nandgaon 27 23 00 05 94 
27 24 00 07 2l 


THE GAZETTE OF INDIA : EXTRAORDINARY 


[PART II—SEC. 3(ii)] 


() (2) | G3) | #4 | © | © | (7) 
27 7 00 2 72 
27 4 00 Ol 46 
27 6 00 00 43 
27 5 00 2 60 
27 6 00 05 42 
26 0 00 09 83 
26 l 00 07 36 
26 2 00 03 66 
9 22 00 09 29 
9 23 00 05 96 
9 8 00 l0 29 
9 7 00 02 98 
9 4/2 00 05 6 
9 l4/] 00 08 83 
9 7 00 Ol 06 
9 5 00 00 3l 
9 6 00 2 75 
9 5 00 05 47 
20 00 08 84 
4 2] 00 09 69 
4 22 00 04 62 
4 9 00 3 28 
4 2 00 00 63 
4 8 00 Ol 03 
4 3 00 3 68 
4 8 00 03 83 
4 7/2 00 03 33 
4 हि 00 07 6 
4 4 00 08 05 
4 5 00 06 26 
0 25 00 2 5 
0 6 00 00 2 

Bhiwani Nandgaon il 2I 00 02 6 
l] 20 00 4 l0 

l] l] 00 02 26 

l] 9 00 Ol 96 

57 24 00 0l 4 

Bhiwani Dhirana Kalan 86 9 00 0 88 
86 2 00 Ol 65 

86 8 00 00 27 

86 3 00 3 34 

85 23 00 03 9] 

85 24 00 l0 94 

85 7 00 02 72 

Bhiwani Nimriwali 50 24 00 00 0 
50 6 00 Il 25 

50 5 00 09 73 

5] Il 00 05 34 

5l l0 00 2 06 

| 9 00 03 Ol 

5l l 00 00 0 

5l 2 00 0] 27 

5] 3॥ 00 00 54 


[भाग avs 3(ii)] 


भारत का राजपत्र : असाधारण 


35 


() (2) | (3) | #4 | © (6) (7) 
5l 3/2 00 00 0 
48 22 00 00 5l 
48 23/) 00 Ol 4] 
48 23/2 00 03 [7 
46 23/3 00 09 80 
48 24 00 00 9 

Bhiwani Nimriwali 48 l8/] 00 Ol 85 
48 l7 00 3 22 
48 (4 00 04 00 
48 5 00 0 97 
48 6 00 06 72 
47 |0 00 08 02 
47 | 00 09 83 
47 2 00 04 9] 
3] 22/2 00 00 4] 
3] 22/) 00 2 37 
3] 23 00 Ol 96 
3] 9 00 00 6 
3] 8 00 (4 29 
3] 3 00 Ol 60 
3] [7 00 00 29 
3] 4 00 3 4 
3] 7 00 04 42 
3] 6 00 0 32 
3] 5 00 07 53 
32 | 00 07 2i 
26 2l 00 0 63 
26 22 00 02 88 
26 9 00 i2 35 
26 2 00 00 2 
26 8 00 Ol 38 
26 3 00 4 25 
26 8 00 02 22 
26 44 00 00 0 
26 7 00 2 52 
26 4 00 05 23 
26 5 00 3 6 

Bhiwani Nimriwali 25 | 00 07 4] 
25 2 00 00 0 
|7 2 00 05 26 
|7 22 00 [५2; 67 
|7 23 00 2 66 
|7 8 00 00 0 
l7 24 00 05 03 
|7 |7 00 07 64 
|7 6 00 ॥॥5 67 
8 20 00 2 28 
8 l] 00 00 40 
8 9 00 02 40 
8 2 00 |0 5l 
8 8 00 00 82 


THE GAZETTE OF INDIA : EXTRAORDINARY 


[PART II—SEC. 3(ii)] 


() (2) | (3) [| 4 | ©) (6) (7) 
Bhiwani Pahladgarh 87 2 00 Ol 72 
87 3 00 ll 02 
87 8 00 02 06 
87 4 00 00 48 
87 7 00 2 6 
87 5 00 00 0 
87 6 00 09 86 
86 0 00 00 57 
86 ] 00 ll 38 
86 2 00 2 78 
86 3 00 02 47 
8l 22 00 00 3] 
8l 23 00 0 73 
8l 24 00 07 23 
8l ]7 00 09 Ol 
Bhiwani Pahladgarh 8l 6 00 03 95 
$l 5 00 3 65 
$l 6 00 Ol 23 
82 ll 00 00 50 
82 0 00 ll 74 
82 ] 00 05 42 
82 2/ 00 08 68 
72 22 00 0 ll 
72 23 00 04 03 
72 8 00 3 62 
72 3 00 Ol 30 
72 ]7 00 00 50 
72 4/] 00 09 85 
72 4/2 00 02 2 
72 7 00 08 57 
72 6 00 04 68 
72 5 00 3 24 
है ] 00 00 0 
69 25 00 03 4 
70 2I 00 0 2 
70 20 00 0 85 
70 9 00 02 40 
70 ll 00 00 0 
70 2 00 ll 65 
70 9 00 00 0 
Bhiwani Dhana Narsan 57 2 00 00 89 
57 9 00 06 78 
57 8 00 06 0 
57 3 00 3 03 
Bhiwani Dhana Narsan 57 4 00 00 7 
46 23 00 02 0 
46 24 00 ll 30 
46 ]7 00 06 52 
46 6 00 2 88 


[भाग avs 3(ii)] 


भारत का राजपत्र : असाधारण 


() (2) | (3) [| (4) (5) (6) (7) 
46 5 00 0l 48 
47 20 00 00 45 
47 ll 00 0 0 
47 2 00 06 76 
47 9/2 00 09 re) 
47 8 00 09 97 
47 3 00 05 62 
47 4/] 00 06 2] 
47 4/2 00 03 Ol 
43 24 00 07 29 
43 25 00 06 28 
43 6 00 ll 47 
43 5 00 00 0 
42 20 00 03 34 
42 ll 00 3 78 
42 0 00 00 64 
42 2 00 0l Ol 
42 9 00 3 83 
42 2 00 03 4] 
42 8 00 00 0 
42 3 00 ll 06 
37 23 00 07 9 
37 24 00 07 28 
37 l7 00 09 36 
37 6 00 03 50 
37 5 00 3 79 

Bhiwani Dhana Narsan 37 6 00 00 80 
38 ll 00 00 84 
38 0 00 4 52 
38 ] 00 00 20 
38 9 00 Ol 88 
38 2 00 3 66 
38 3 00 03 36 
29 23 00 09 34 
29 22/3 00 00 0 

Bhiwani Dhana Ladanpur 75 8 00 02 2 
75 24 00 05 32 
75 l7 00 0 25 
75 6/2 00 05 94 
75 6/l 00 Ol 00 
75 5 00 07 68 
74 ll 00 07 39 
74 0 00 07 Ol 
74 9 00 0 l7 
74 2: 00 05 40 
74 3 00 il 79 
64 23 00 03 78 
64 24 00 3 3l 
64 l7 00 02 26 
64 25 00 00 0 


THE GAZETTE OF INDIA : EXTRAORDINARY 


[PART II—SEC. 3(ii)] 


() (2) | G3) | #4 | © | © | (7) 
64 6 00 4 35 
64 5 00 Ol ll 
65 20 00 00 | 
65 ll 00 3 80 
65 2 00 04 90 

Bhiwani Dhana Ladanpur 65 9 00 09 48 
65 8 00 l0 49 
65 7 00 00 0 
65 3 00 03 90 
65 A/l 00 Il 86 
65 4/2 00 02 27 
65 5 00 Ol 93 
59 24 00 00 24 
59 25/ 00 2 45 
58 2I/] 00 Ol 6l 
58 2/2 00 02 07 
58 9/2 00 09 30 
58 9/] 00 04 70 
58 2 00 Ol 8l 
58 8 00 00 29 
58 3/l 00 05 46 
58 3/2 00 08 63 
58 4 00 04 07 
58 7 00 l0 3l 
58 6 00 09 49 
58 5 00 07 34 
57 l 00 05 86 
55 2l 00 2 97 
55 20 00 03 9 
55 22/] 00 00 0 
55 9/2 00 05 50 
55 9/] 00 04 29 
55 2 00 09 86 
55 9 00 0l l] 

Bhiwani Kunt 39 3 00 Ol 59 

Bhiwani Kunt 39 8 00 il 49 
39 3 00 08 96 
39 4 00 04 04 
38 24 00 2 99 
38 7 00 04 95 
38 6 00 08 04 
38 5 00 2 52 
38 6 00 Ol 42 
37 ll 00 00 47 
37 l0 00 l0 49 
37 l 00 09 73 
37 2 00 04 52 
30 22 00 l0 75 
30 23 00 06 3 
30 8 00 07 86 
30 7 00 l0 2 


[भाग avs 3(ii)] 


भारत का राजपत्र : असाधारण 


39 


() (2) | (3) | (4) 6) | © (7) 
30 4 00 Ol 55 
30 5 00 2 92 
30 6/2 00 Ol 93 
30 6/] 00 00 28 
3] li/l 00 00 2 
3l 0 00 4 5l 
3] 9/2 00 00 74 
3] ] 00 00 49 
3] 2/2 00 07 88 
3] 3 00 07 60 
26 23 00 2 67 
26 24/ 00 00 32 
26 8 00 Ol 58 
26 ]7 00 2 25 
26 4 00 06 90 

Bhiwani Kunt 26 5 00 06 94 
26 6 00 03 54 
Bhiwani Umrawat 58 6 00 08 7 
58 5 00 00 29 
59 0 00 Ol 65 
59 ] 00 3 54 
56 2I 00 04 29 
56 22 00 09 54 
56 9 00 09 95 
56 8 00 03 88 
56 3 00 3 65 
56 4 00 00 8 
56 8 00 Ol 95 
56 7 00 ll 88 
56 4 00 07 43 
56 5 00 06 Al 
43 25 00 2 58 
43 6/2 00 00 50 
44 2] 00 Ol 25 
44 20 00 3 33 
44 ll 00 04 90 
44 2 00 08 93 
44 9 00 0 56 
44 8 00 03 27 
44 2 00 00 0 
44 3 00 3 76 
44 4 00 00 0 
39 23 00 02 45 
39 24 00 il 38 
Bhiwani Umrawat 39 l7 00 08 04 
39 6/2 00 04 97 
39 I5/] 00 ll 62 
39 6/2 00 00 6] 
38 l0/] 00 09 54 
38 ] 00 2 03 


THE GAZETTE OF INDIA : EXTRAORDINARY 


[PART II—SEC. 3(ii)] 


() (2) | G3) | @ | © 6 | @ 
38 2 00 00 83 
29 2] 00 00 63 
29 DD 00 ll 52 
29 9 00 09 79 
29 8 00 03 07 
29 2 00 00 0 
29 3 00 2 84 
29 8 00 06 63 
29 7 00 06 23 
29 4 00 2 86 
29 5 00 00 0 
20 24 00 03 44 
20 25 00 09 42 
20 6/2 00 0 62 
20 5/] 00 00 68 
9 20/2 00 00 0 
9 20/ 00 00 5 
9 i/2 00 00 37 
9 li/l 00 il 46 
9 0 00 09 90 
9 ] 00 00 0 
9 9 00 02 89 
9 2 00 il 82 
3 22 00 ll 70 
3 23 00 00 6 

Bhiwani Umrawat 3 9 00 02 87 
3 8 00 09 00 
3 3 00 ll 86 
3 8 00 08 84 
3 7 00 03 02 
3 3 00 00 3 
3 4 00 ll 73 
3 24 00 0l 44 

Bhiwani Bhiwani Lohd 279 24/] 00 09 4 

279 24/2 00 00 8 
279 7/] 00 04 07 
279 25 00 00 0 
279 6 00 07 80 
279 5 00 il 87 
279 6 00 09 78 
279 5/2 00 00 4 
279 5 00 00 0 
278 0 00 02 09 
278 ] 00 il 45 
275 2] 00 il 87 
275 20 00 04 47 
275 9 00 07 40 
275 2/] 00 05 30 
275 2/2 00 06 57 
275 9 00 0 05 


[भाग avs 3(ii)] 


भारत का राजपत्र : असाधारण 


() (2) | (3) (4) (5) (6) (7) 
275 2 00 00 56 
275 8 00 00 66 
275 3 00 0 23 
263 23 00 ll 87 
Bhiwani Bhiwani Lohd 263 8 00 04 87 
263 ]7 00 07 00 
263 4 00 ll 87 
263 7/2 00 Ol 98 
263 7/\ 00 07 30 
263 4 00 00 24 
263 6/] 00 Ol 57 
263 5/2 00 05 89 
263 5 00 05 28 
258 25/2 00 02 97 
258 25/ 00 07 9] 
258 6/3 00 00 0 
258 6/2 00 03 76 
258 l6/] 00 00 0 
259 20 00 06 59 
259 ll/2 00 04 95 
259 l/l 00 06 93 
259 0 00 0 53 
259 9 00 Ol 34 
259 00 00 88 
259 2/2 00 03 4] 
259 2/] 00 07 58 
235 22 00 ll 87 
235 9 00 Ol 57 
Bhiwani Nathuwas 78 9 00 03 85 
78 8 00 05 4 
78 3 00 0 86 
78 8 00 ll 9 
78 7 00 00 34 
Bhiwani Nathuwas 78 3 00 Ol Ol 
78 4 00 0 03 
72 24 00 09 3 
Bhiwani Ninan 22 l7 00 05 02 
22 6 00 08 22 
22 5 00 ll 78 
22 6 00 07 50 
22 5 00 00 0 
2] 0 00 02 90 
2] ] 00 ll 60 
20 2] 00 ll 78 
20 20 00 04 88 
20 9 00 06 90 
20 2 00 ll 78 
20 9 00 0 97 
20 8 00 00 $l 


THE GAZETTE OF INDIA : EXTRAORDINARY [PART II—SEC. 3(ii)] 


dd) (2) | (3) | 4 [| © | © | (7) 


20 2/2 00 Ol 5] 
20 3 00 0 27 
7 23 00 ll 78 
7 8 00 0 38 
7 3 00 00 60 
Bhiwani Naurangabad 75 7 00 00 23 
75 4 00 09 62 
75 7 00 l] 66 
75 6 00 00 ॥85. 
75 4 00 03 ॥9 
75 5 00 08 39 
74 25 00 ll 3 
Bhiwani Naurangabad 74 6/2 00 06 84 
74 6/] 00 03 7 
74 5 00 00 64 
73 20 00 Ol 77 
73 Il 00 ll 4 
73 0 00 ll 78 
73 l 00 06 46 
73 2 00 05 32 
57 22/] 00 07 3 
57 22/2/] 00 03 88 
57 22/2/2 00 00 77 
57 9 00 0 4 
57 2 00 l] 06 
57 9 00 08 40 
57 0 00 00 46 
57 l 00 06 28 
57 2/I 00 Ol 46 
54 2] 00 l] 06 
54 20 00 l] 05 
54 Il 00 0 87 
54 0/2 00 02 72 
54 0/ 00 08 5 
54 l 00 0 27 
35 2] 00 0 87 
35 20/2 00 0 87 
35 l] 00 0 87 
35 0/2 00 Ol 67 
35 0/l 00 07 4l 
35 l 00 0 87 
3l 22 00 00 7 
3] 2] 00 0 0 
Bhiwani Naurangabad 3] 20 00 09 32 
3] 9 00 Ol 55 
3] Il 00 07 69 
3] 2/] 00 03 8 
3l 9/2 00 04 $l 
3l 0 00 06 07 


3] /2 00 04 23 


[भाग avs 3(ii)] 


भारत का राजपत्र : असाधारण 


() (2) | G3) | «4 (5) (6) (7) 
3] 2 (0 06 03 
2 2] 00 02 70 
2 DD, 00 05 03 
l2 20 00 Ol 8 
l2 9/2 00 09 69 
l2 ll 00 00 0 
2 2 00 0 83 
2 9 00 0 87 
2 2 00 0 87 
9 22 00 0 27 
9 9 00 0 87 
9 l2 00 0 87 
9 9 00 0 87 
9 2 00 09 97 
2 22. 00 0 27 
2 9/] 00 0 88 
2 2 00 0 96 
2 9 00 03 6 

Bhiwani Bamla 80 9 00 08 50 
80 2 00 07 89 
80 3 00 Ol 54 
55 22 00 03 99 

Bhiwani Bamla 55 23 00 06 96 
55 9 00 00 25 
55 8 00 0 70 
55 3 00 0 96 
55 8 00 0 96 
55 3 00 0 96 
53 23 00 0 95 
53 8 00 0 89 
53 3 00 0 89 
53 8 00 0 73 
53 7 00 00 5 
53 3 00 08 68 
53 4 00 02 2] 
29 23 00 06 06 
29 24 00 04 82 
29 8 00 03 45 
29 [7 00 07 44 
29 3 00 00 87 
29 4 00 0 Ol 
29 7 00 0 89 
29 4 00 09 98 
27 24 00 0 89 
27 7/2 00 02 34 
27 7/I 00 07 95 
27 4 00 0 88 
27 7 00 l0 86 
27 4 00 l0 86 
9 24 00 l0 39 


44 


THE GAZETTE OF INDIA : EXTRAORDINARY 


[PART II—SEC. 3(ii)] 


@ (2) (3) 4 | © | © | (7) 
9 ]7 00 Ol 44 
Bhiwani Kaluwas 3 23 00 00 38 
Bhiwani Kaluwas 3 l7 00 09 09 
3 4 00 0 86 
3 7 00 0 86 
3 4 00 0 86 
3 24 00 0 86 
3 l7 00 02 58 
3 4 00 03 84 
Bhiwani Gujrani 63 l4 00 06 29 
63 7 00 0 86 
63 4 00 0 86 
59 24 00 0 86 
59 7/2 00 04 53 
59 7/I 00 06 34 
59 4/2 00 03 32 
59 l4/ 00 08 35 
59 7 00 06 40 
59 6/2 00 06 27 
59 6/] 00 00 46 
59 5 00 06 42 
59 5/2 00 04 69 
29 25 00 00 8 
60 00 Ol 96 
28 2I 00 3 65 
28 20 00 03 87 
28 9 00 09 96 
28 2 00 09 52 
28 3 00 04 88 
28 8 00 09 37 
28 7 00 2 70 
28 6/2 00 0 63 
Bhiwani Gujrani 28 6/] 00 00 29 
28 5 00 Ol 78 
27 0 00 Ol 00 
27 /l 00 Ol 43 
27 /2 00 08 64 
27 2 00 2 70 
27 3 00 03 22 
26 23 00 00 0 
Bhiwani Riwari i5 3 00 04 il 
4 23/2 00 06 23 
4 24/ 00 08 02 
4 24/2 00 00 82 
4 l7 00 09 83 
4 6 00 03 53 
4 5 00 ll 56 
i3 ll 00 02 2 


[भाग avs 3(ii)] 


भारत का राजपत्र : असाधारण 


45 


() (2) | (3) | 4 (5) | ©) (7) 
i3 |0 00 2 93 
i3 | 00 00 49 
i3 9 00 Ol 27 
3 2 00 4 03 
i3 3 00 03 2] 
75 22 00 00 0 
75 23 00 2 05 
75 24 00 05 7] 
75 [7 00 09 54 
75 6 00 08 6 
75 5 00 07 27 
76 ll 00 08 93 
76 0 00 05 70 

Bhiwani Riwari 76 9/2. 00 03 35 
76 9/] 00 08 Ol 
76 2 00 04 3 
76 3 00 2 99 
76 4 00 00 0 
70 23/2 00 Ol 49 
70 24 00 3 84 
70 [7 00 Ol 39 
70 25/) 00 00 4] 
70 6 00 3 83 
70 5 00 00 8 
69 20 00 00 73 
69 ll 00 3 98 
69 0 00 00 3 
69 2 00 02 02 
69 9/2 00 00 58 
69 9/] 00 3 74 
69 2/2 00 00 88 
69 8 00 00 74 
69 3 00 44 23 
69 4/\ 00 00 [0 
38 23 00 Ol 35 
38 24 00 ll 62 
38 7/2 00 04 26 
38 6/2 00 06 87 
38 6/] 00 04 32 
38 5 00 05 68 
39 4I/2 00 00 27 
39 LI/l 00 09 60 
39 0 00 07 00 
39 9 00 08 44 

Bhiwani Riwari 39 2 00 09 63 
39 3 00 05 44 
33 23 00 07 39 
00 84 00 2i 74 
33 4 00 Ol 34 
33 6 00 00 42 
33 5 00 3 43 
33 6 00 03 96 


THE GAZETTE OF INDIA : EXTRAORDINARY [PART II—SEC. 3(ii)] 


a (2) | 3) | #4 | © | © | (४) 
32 0 00 08 75 
32 | (0 07 Ol 
32 2 00 07 78 
l0 DD, 00 05 53 
l0 23/] 00 00 0 

Bhiwani Chang 3I5 22 00 06 02 
35 23/] 00 02 ll 
35 23/2 00 00 59 
35 9 00 00 0 
35 8/2 00 Ol 07 
35 8/] 00 l2 97 
35 l7 00 00 24 
35 3/2 00 Ol 75 
35 4/2 00 ll 75 
35 4/] 00 00 79 
35 7 00 05 77 
35 6/2 00 04 3] 
35 6/] 00 04 2] 
35 5 00 0 03 
34 | 00 03 47 
307 2] 00 2 94 
307 22 00 00 83 

Bhiwani Chang 307 20 00 00 47 
307 9 00 3 48 
307 2 00 04 24 
307 3 00 0 05 
307 8 00 08 50 
307 7 00 04 40 
307 4 00 2 53 
307 5 00 Ol 77 
288 24 00 00 0 
288 25 00 3 74 
288 6 00 (02 46 
267 2] 00 00 0 
287 20 00 3 4 
287 ll 00 02 75 
287 2/] 00 ll 45 
287 2/2 00 00 56 
287 9/2 00 Ol ll 
287 9/] 00 03 64 
287 8 00 0 88 
287 3/2/2 00 02 6 
287 3/2/] 00 02 9] 
267 4/2 (0 04 3l 
287 4/\ 00 05 2] 
275 24 00 07 06 
275 25 00 08 57 
275 6 00 08 22, 
276 20 00 06 5 
276 ll 00 09 37 


276 2/] 00 06 26 


[भाग avs 3(ii)] 


भारत का राजपत्र : असाधारण 


() (2) | G3) | «4 6) | © (7) 
276 9 00 08 85 
276 8 00 i2 45 

Bhiwani Chang 276 7 00 08 0 
276 4 00 06 52 
276 5 00 05 80 
277 ] 00 i2 45 
277 2 00 ll 82 
277 3 00 Ol ]9 
252 22 00 00 75 
252 23 00 3 60 
252 i8 00 04 ll 
252 [7 00 08 76 
252 ]4 00 09 0 
252 5 00 04 94 
252 6/2/2 00 05 52 
252 6/ 00 07 72 
252 5/2 00 00 85 
25] 0/] 00 00 80 
25] ] 00 i3 20 
243 2 00 05 03 
243 22/॥ 00 05 96 
243 22/2 00 00 87 
243 9/] 00 00 0 
243 9/2 00 09 2 
243 8 00 04 03 
243 ]3 00 i3 22 
243 8 00 00 83 
243 i4 00 00 42 
243 7 00 i2 67 
243 4 00 05 95 
243 5 00 08 0 
26 25 00 09 98 
2I5 2 00 03 ]] 

Bhiwani Chang 2i5 20 00 3 89 
2I5 ll 00 02 03 
2I5 9 00 00 5 
2I5 i2 00 i2 Ol 
2I5 9 00 06 86 
2I5 8 00 07 8 
2I5 3/2 00 08 43 
2I5 ३॥ 00 Ol 47 
2I5 4/2 00 00 0 
2I5 4/l 00 02 8 
208 23/2 00 00 0 
208 24 00 3 96 
208 25 00 00 0 
208 [7 00 02 53 
208 ]6 00 2 30 
208 5 00 04 55 
209 ]] 00 09 46 
209 0 00 08 25 
209 9 00 06 58 


THE GAZETTE OF INDIA : EXTRAORDINARY 


[PART II—SEC. 3(ii)] 


a (2) | 3) | @ | © 6 | @ 
209 2/2 00 07 42 
209 2/I 00 03 72 
209 3 00 03 69 
78 23 00 3 57 
78 24 00 0l 27 
78 8 00 00 46 
78 7 00 4 27 
78 4 00 02 8 
78 5 00 l] 43 
78 6/2 00 04 96 
[77 0 00 09 87 

Bhiwani Chang 77 00 06 96 
Bhiwani Chang 77 2/ 00 06 97 
l77 2/2 00 00 0 
74 22 00 0 73 
74 23 00 04 0 
74 8 00 3 30 
74 7 00 Ol 53 
74 3 00 00 32 
74 4 00 3 86 
74 7 00 00 27 
74 5 00 00 9 
74 6/2 00 0 50 
74 6/] 00 02 47 
74 5 00 04 56 
75 ] 00 0 28 
45 2/2 00 07 44 
45 22 00 07 4 
45 9 00 0 86 
45 2/2 00 0 0 
45 9 00 09 94 
45 2 00 03 53 
Bhiwani Sai 83 2 00 07 35 
83 3 00 00 35 
82 2D 00 Ol 58 
82 23 00 l] 78 
82 8/2 00 08 60 
82 7 00 04 75 
82 4 00 3 25 
82 7 00 Ol 86 
82 6 00 09 7 
Bhiwani Sai 82 5 00 08 89 
8l ] 00 02 40 
67 2] 00 2 66 
67 20 00 06 हि । 
67 9 00 05 97 
67 2 00 2 68 
67 9 00 04 72 
67 8 00 07 96 
67 3/2 00 0l 4] 


[भाग avs 3(ii)] 


भारत का राजपत्र : असाधारण 


49 


() (2) | (3) | 4 (5) (6) (7) 
67 3/ 00 ll 2i 
67 4 00 00 0 
64 23 00 02 78 
64 24 00 09 90 
64 7/2 00 06 34 
64 V7/l 00 05 75 
64 (4 00 Ol 32 
64 6 00 00 59 
64 5 00 ll 37 
64 6 00 ll 02 
64 5 00 00 39 
63 0 00 Ol 66 
63 | 00 2 29 
52 2] 00 0 3 
52 20 00 00 3] 
52 22 00 02 3 
52 9 00 ll 82 
52 2 00 ll 56 
52 9 00 Ol 60 
52 3 00 00 57 
52 8 00 |0 53 
52 3 00 2 3 

Bhiwani Sai 52 4 00 00 0 
47 23 00 03 89 
47 24 00 08 24 
47 |7 00 2 3 
47 4 00 06 74 
47 5 00 05 39 
47 6 00 2 3 
47 5 00 09 45 
46 ] 00 Ol 67 
34 25 00 00 85 
34 6 00 00 0 
35 2] 00 09 42 
35 20 00 0 87 
35 ll 00 05 68 
35 0 00 0 89 
35 | 00 ll 4] 
28 2i 00 ll 4] 
28 20 00 06 25 
28 9 00 05 6 
28 2 00 ll 40 
28 ll 00 00 0 
28 9 00 ll 4] 
28 2 00 0 03 
28 3/॥ 00 Ol 38 
4 22 00 Ol 0 
4 23 00 09 68 
4 8 00 ll 4] 
4 3 00 ll 40 
4 4 00 00 [0 
4 8/2 00 05 9 


50 THE GAZETTE OF INDIA : EXTRAORDINARY 


[PART II—SEC. 3(ii)] 


a (2) | 3) | @ | © 6 | @ 
4 7 00 06 22 

Bhiwani Sai 4 4 00 ll 49 
0 24 00 ll 49 

l0 [7 00 05 74 

0 6 00 00 9] 


[F. No. R-l07/6/2022-OR-H/E-456] 
P. SOMAKUMAR, Director 


Uploaded by Dte. of Printing at Government of India Press, Ring Road, Mayapuri, New Delhi-0064 
and Published by the Controller of Publications, Delhi-l0054. ALOK KUMAR Diizlvsisnesby atoxrumar 


Date: 2022.2.24 7:05:55 +05'30" 


