रजिस्ट्री सं. डी.एल.- 33004/99 REGD. No. 0. L.-33004/99 


Aid =: Ista 


Che Gazette of Jndia 


सी.जी.-डी.एल.-अ.-06022026-269899 
CG-DL-E-06022026-269899 


असाधारण 
EXTRAORDINARY 


भाग 1---खण्ड 3---उप-खण्ड (ii) 
PART 1-8९९८ांणा 3—Sub-section (ii) 
प्राधिकार से प्रकाशित 
PUBLISHED BY AUTHORITY 


सं. 526] नई दिल्ली, बुधवार, फरवरी 4, 2026/माघ 15, 1947 
No. 526] NEW DELHI, WEDNESDAY, FEBRUARY 4, 2026/MAGHA 15, 1947 


पेट्रोलियम और प्राकृतिक गैस मंत्रालय 
अधिसूचना 
नई दिल्‍ली, 4 फरवरी, 2026 


का.आ. 555(अ).--- केन्द्रीय सरकार ने पेट्रोलियम और खनिज पाइपलाइन (भूमि में उपयोग के अधिकार का अर्जन) 
अधिनियम, 1962 (1962 का 50) (जिसे इसमें इसके पश्चात उक्त अधिनियम कहा गया है) की धारा 3 की उपधारा (1) के 
अधीन जारी की गई भारत सरकार के पेट्रोलियम और प्राकृतिक गैस मंत्रालय की अधिसूचना संख्या का. आ. 4490 तारीख 


30 सितंबर, 2025, जो भारत के असाधारण राजपत्र तारीख अक्तूबर --1 2025, में प्रकाशित की गई थी, द्वारा उस 
अधिसूचना से संलग्न अनुसूची में विनिर्दिष्ट भूमि में आन्ध्र प्रदेश राज्य में पैट्रोलियम पदार्थ परिवाहन के लिए हिन्दुस्तान 
पेट्रोलियम कॉर्पोरेशन लिमिटेड द्वारा विसाख (आन्ध्र प्रदेश) से रायपुर (छत्तीसगढ) पाइपलाइन बिछाने के प्रयोजन के लिए 
उपयोग के अधिकार का अर्जन के अपने आशय की घोषणा की थी; 


और उक्त असाधारण राजपत्र अधिसूचना की प्रतियां जनता को तारीख 06 नवंबर, 2025 को उपलब्ध करा 
दी गई थी ; 


और सक्षम प्राधिकारी ने, उक्त अधिनियम की धारा 6 की उपधारा (1) के अधीन केन्द्रीय सरकार को रिपोर्ट 
दे दी है; 


803 GI/2026 (1) 


2 THE GAZETTE OF INDIA : EXTRAORDINARY [PART II—SEC. 3(i1)] 


और केन्द्रीय सरकार ने, उक्त रिपोर्ट पर विचार करने के पश्चात, और यह समाधान हो जाने पर कि उक्त भूमि 
पाइपलाइन बिछाने के लिए अपेक्षित है, उसमें उपयोग के अधिकार का अर्जन करने का विनिश्चय किया है ; 


अतः अब, केन्द्रीय सरकार, उक्त अधिनियम की धारा 6 की उपधारा (1) द्वारा प्रदत्त शक्तियों का प्रयोग करते हुए, 
यह घोषणा करती है कि इस अधिसूचना से संलग्न अनुसूची में विनिर्दिष्ट भूमि में पाइपलाइन बिछाने के लिए उपयोग के 
अधिकार का अर्जन किया जाए ; 


और केन्द्रीय सरकार उक्त अधिनियम की धारा 6 की उपधारा (4) द्वारा प्रदत्त शक्तियों का प्रयोग करते हुए, यह 
निर्देश देती है कि उक्त भूमि में उपयोग का अधिकार इस घोषणा के प्रकाशन की तारीख से केन्द्रीय सरकार में निहित होने के 
बजाए, सभी विल्लंगमों से मुक्त होकर हिन्दुस्तान पेट्रोलियम कॉर्पोरेशन लिमिटेड में निहित होगा। 

पेट्रोलियम और खनिज पाइपलाइन अधिनियम, 1962 की धारा 10 के अधीन किसी भी क्षतिपूर्ति के लिए हिन्दुस्तान 
पेट्रोलियम कॉर्पोरेशन लिमिटेड पूर्णतया उत्तरदायी होगी और धारा 13 के अधीन पाइपलाइन से सम्बन्धित किसी भी मामले 
पर केन्द्रीय सरकार के विरूद्ध कोई वाद, दावा या कानूनी कार्यवाही नहीं हो सकेगी ; 


अनुसूची 
जिलाः विजयनगरम राज्यः AKT प्रदेश 
a गाँव का नाम मंडल का नाम सर्वे / एलपी Slater 
संख्या संख्या एकड | ae 
1 2 3 ae | 5 | | 6 
1 1. कोरपा कोत्तावलसा-180 दत्तीराजेरु 120/1 | 00 | 02 
2 122/3 | 00 | 09 
3 122/2 [ce i 08 
4 122/1 | 00 | 12 
5 115/16 | 00 | 03 
| 6 | 124/27 | 00 | 05 
7 124/17 | 00 | 02 
॥ 124/26 | 00 | 15 
| 9 | 124/25 | 00 | 05 
10 124/20 | 00 | 02 
11 124/21 | oo 02 
12 124/23 | 00 | 04 
13 124/22 | 00 | 03 
14 127/18 oo | 07 
15 127/16 | 00% 04 
16 127/17 | 610 = | 08 
17 127/14 | 00 | 05 


[भाग 1---खण्ड 3(ii)] 


भारत का राजपत्र : असाधारण 


1 3 ae | 5 | | 6 
18 127/11 | 00 | 03 
19 127/13 | 00 | 05 
20 127/12 | 00 | 06 
21 127/7 | 00 | | 08. 
22 127/4 | 00 | 01 
23 12715 | 00 | 02 
24 127/6 | oo 04 
25 128/28 | oo | 02 
26 128/27 | 00 | 05 
27 128/26 | 00 | 04 
28 128/9 | 00 | 02 
29 128/25 | 00 | | 06 
30 128/23 | 00 | 06 
31 128/22 ee. | 02 
32 128/21 | 00 | 07 
33 128/16 | 00- | 04 
34 128/15 | 00 | 03 
35 129/35 | 00 | | 08 
36 129/17 | oo | 02 
37 129/21 | 00 | 04 
38 129/34 | 00 | 07 
39 129/33 | 00 | 05 
40 129/22 | 00 | 04 
41 129/32 | 00 | 04 
42 129/31 | 00 | 04 
43 129/23 | 00 | 06 
44 129/24 | 00 | 03 
45 142/34 | 00 | 06 
46 129/25 | 00 | 02 
47 142/38 | 00 | 03 
48 142/33 | oo | 02 


THE GAZETTE OF INDIA : EXTRAORDINARY 


[PART II—SEC. 3(11)] 


1 2 3 [4 | 5 | | 6 
49 142/35 | 00 | 04 
50 142/37 | जोक ॥ | 06 
51 142/36 | 00 | 03 
52 145/34 | 00 | 03 
53 145/33 | 00 | | 08. 
54 145/32 | 00 | 02 
55 145/31 | 00 05 
56 145/29 का आओ | 09 
57 145/27 | 00 | 08 
58 145/28 | 00 | 02 
59 145/1 | 00 02 
| 60 145/2 | 00 | 05 
61 145/4 | 00 | 02 
62 145/5 हि जा 05 
63 145/6 | 00 | 07 
64 144/5 | ode | 02 
65 144/4 | 00 | 02 
66 144/11 | 00 | 01 
67 144/6 | oo | 09 
68 144/3 | 00 | 13 
| 69. 144/13 | 00 | 06 
70 144/2 | oo ॥| 02 
71 144/14 | 00 | 03 
72 144/1 | 00 | 04 
73 144/16 | 00 | 03 
74 2. कोरपा-177 दत्तीराजेरु 145/15 | 00 | 05 
75 145/14 | 00 | 02 
76 145/12 | oo / 09 
77 145/11 | 00 | 01 
78 144/14 | 00 | 05 
79 144/13 | 00 | 07 


[भाग ave 3(ii)] 


भारत का राजपत्र : असाधारण 


1 3 | ae | 5 | [6 
| 80. 144/5 | 00 | 07 
81 144/4 | 00 | 07 
82 144/3 | 00 | 05 
83 143/10 | 00 | 13 
84 143/12 | 00 | 07 
85 142/9 | 00 | 10 
| 86. 142/15 | 00 | 11 
87 142/10 | oo | 08 
88 142/14 | 00 | 02 
| 89. 142/13 छि जा 09 
| 90 141/4 | 00 | 01 
91 141/7 | 00 | 18 
92 141/6 | 00 | 04 
93 141/5 ॥ 200 | | 08 
94 140 em 12 
95 119/21 |. 500" | 02 
| 96 119/20 | 00 | 05 
97 119/19 | 00 | 05 
| 98 | 119/17 | oo | 02 
| 99. 139/13 | 00 | 03 
100 139/12 | 00 07 
101 139/11 00 +| 07 
102 139/10 | 00 | 02 
103 139/1 | 00 | | 08 
104 137/13 | 00 | 12 
105 119/10 | 00 | 02 
106 137/9 | 00 | 06 
107 137/10 | 00 | 02 
108 137/11 | 00 | 01 
109 137/4 | 00 | | 06. 
110 1377 | 00. 03 


THE GAZETTE OF INDIA : EXTRAORDINARY 


[PART II—SEC. 3(11)] 


1 2 3 | 4 | | 5 | [6 
111 137/5 | 00 | 03 
112 137/1 | 00 | 06 
113 136/2 | 00 | 01 
114 136/16 | 00 | 05 
115 136/3 | 00 | 05 
116 136/4 | 00 | 02 
117 136/5 | 00 | 06 
118 136/7 | oo | 05 
119 136/6 | 00 | 03 
120 120/17 | oo जा 02 
121 133/17 | 00 । 07 
122 133/9 | 00 | 01 
123 133/10 | 00 | 05 
124 133/11 ee. | 03 
125 133/12 | 00 | 05 
126 133/13 | 00 | 06 
127 133/14 | 00 | 05 
128 132/1 | 00 | 10 
129 132/2 | oo | 02 
130 121/9 | 00 | 02 
131 131/4 | 00 | 07 
132 121/10 | 00 | 01 
133 121/8 | 00 | 05 
134 121/6 | 00 | 02 
135 122/11 | 00 | 04 
136 122/10 | 00 | | 09. 
137 122/12 | 00 | 04 
138 122/13 | 00 | 02 
139 122/14 | 00 | 06 
140 122/9 | 00 02 
141 122/7 | oo | 04 


[भाग 1---खण्ड 3(ii)] 


भारत का राजपत्र : असाधारण 


1 3 a ae | 5 | | 6 
142 122/6 | 00 | 02 
143 122/4 | 00 | 04 
144 122/3 | 00 | 04 
145 123/17 | 00 | 06 
146 123/16 | 00 | 02 
147 123/19 | 00 | 02 
148 123/18 | oo --| 04 
149 123/30 | oo | 02 
150 123/21 | 00 | 10 
151 123/28 | 00 | 07 
152 123/23 | oo | 03 
153 126/24 | 00 | 04 
154 123/27 | 00 | 06 
155 123/25 Pee. | 02 
156 123/26 | 00 | 02 
157 126/10 | ३ 00- | 02 
158 126/9 | 00 | | 06. 
159 126/8 | 00 | | 06 
160 126/7 | oo | 06 
161 126/4 | 00 | 02 
162 126/3 | 00 | | 08 
163 126/2 00 +| 02 
164 126/1 | 00 | 05 
165 124/18 | 00 | 02 
166 125/17 | 00 | 04 
167 125/16 | 00 | 05 
168 124/14 | 00 | 02 
169 125/15 | 00 | 06 
170 124/13 | 00 | 02 
171 125/14 | 00 | 06 
172 124/36 | oo | 01 


THE GAZETTE OF INDIA : EXTRAORDINARY 


[PART II—SEC. 3(i1)] 


1 2 3 Se ae | 5 | [6 
173 124/35 | 00 | 01 
174 124/34 | 00 | 01 
175 124/12 | 00 | 02 
176 125/8 | 00 | 10 
177 125/7 | 00 | 05 
178 125/4 | 00 | | 08 
179 125/3 | oo 03 
180 3. कोरपा कृष्णापुरम-176 दत्तीराजेरु 36/19 | oo | 02 
181 36/18 | 00 | 10 
182 36/16 | 00 | 07 
183 36/14 | 00 09 
184 36/15 | 00 | 05 
185 36/11 | 00 | 05 
186 36/2 ee. | 03 
187 36/1 | 00 | 04 
188 ३7/25 | 00" | 03 
189 37/26 | 00 | 03 
190 ३7/28 | 00 | 04 
191 37/22 | oo | 03 
192 37/29 | 00 | 07 
193 37/30 | 00 | | 06 
194 37/31 | 00 | 02 
195 37/14 | 00 | 07 
196 37/38 | 00 | 02 
197 37/15 | 00 | 02 
198 37/13 हि जो 04 
199 37/8 ॥ 00» | 04 
200 ३7/9 | 00 | 02 
201 37/7 | 00 | 02 
202 38/3 | oo ॥ 20 
203 38/1 | 00. 15 


[भाग 1---खण्ड 3(ii)] 


भारत का राजपत्र : असाधारण 


1 2 3 | 4 | 5 | [6 
204 40/2 | 00 | | 09. 
205 40/1 | 00 | 21 
206 4. पींड्रगिवालसा -175 बडंगी 65/26 | 00 | | 06 | 
207 65/29 | oo 02 
208 65/28 | 00 10 
209 65/33 | 00 | 12 
210 65/20 | 00 | 02 
211 65/18 oo | 01 
212 65/19 | 00 | 14 
213 65/21 |. 00: | 02 
214 65/17 | 00 | 02 
215 66/37 | 00 | 03 
216 66/36 | 00 | | 06. 
217 67/25 | 00 | 08 
218 66/34 | 00 | 05 
219 66/33 | 00 | 05 
220 67/26 | 00 | 02 
221 67/23 | 00 | 11 
222 66/31 | 00 | 02 
223 67/22 ee | 04 
224 67/24 | oo | 02 
225 67/21 | 00 | 06 
226 67/18 | 00 | 06 
227 67/20 दि जो 03 
228 67/19 |: 00 | 02 
229 67/5 | 00 | 28 
230 5. विरसग्रमा-174 बडंगी 3278 | 00 | 27 
231 3284 | 00 | 13 
232 3285 | 00 | 25 
233 4001 | 00 | 02 
234 3252 | 00 | | 09. 


10 


THE GAZETTE OF INDIA : EXTRAORDINARY 


[PART II—SEC. 3(11)] 


1 2 3 | 4 | | 5 | [6 
235 3251 | 00 | 09 
236 3250 | 00 | | 09. 
237 3255 | 00 | 02 
238 3249 | 00 | 02 
239 3290 | 00 | 05 
240 3998 | 00 | 02 
241 3248 | oo 06 
242 3997 | oo | 02 
243 3247 | 00 | 05 
244 3238 | oo जा 07 
245 3996 | 00 | 03 
246 3999 | 00 | 03 
247 3237 | 00 | 05 
248 3236 |: 200 | | 06 
249 3291 | 00 | 03 
250 3232 कि जो 12 
251 3147 | 00 | 06 
252 3146 | 00 | | 06 
253 3148 | oo | 03 
254 3145 | 00 | 05 
255 4024 | 00 | 02 
256 3144 | oo | 18 
257 4025 | 00 | 02 
258 3143 | 00 | 07 
259 3294 | 00 23 
260 3142 हि जो 06 
261 3141 ॥ 200» | 04 
262 3140 | 00 | 03 
263 3139 | 00 | 02 
264 3138 | 00 | 03 
265 3055 | 00. 14 


[भाग ave 3(ii)] 


भारत का राजपत्र : असाधारण 


11 


1 3 | 4 | 5 | [6 
266 3051 | 00 | 11 
267 3050 | 00 | 13 
268 2893 | 00 | 23 
269 2891 | 00 | 11 
270 2890 | 00 | 02 
271 2889 | 00 | 04 
272 2888 | oo 04 
273 2887 | oo | 07 
274 2885 | 00 | 03 
275 2884 छि जा 03 
276 2883 | 00 | 03 
27 2881 | 00 | 08 
278 2859 | 00 | 23 
279 2838 |: 200 | 17 
280 2820 | 00 | 02 
281 2822 00 | 07 
282 2803 | 00 | 02 
283 2804 | 00 | 10 
284 2806 | oo | | 08 | 
285 2805 | 00 | 03 
286 2789 | 00 | 02 
287 2788 | 00 | | 09. 
288 2774 | 00 | 04 
289 2773 | 00 | 04 
290 2771 | 00 | 05 
291 2772 हि हो 04 
292 2770 कि आओ 02 
293 2752 | 00 | 07 
294 2753 | 00 | 05 
295 2751 | 00 | 02 
296 2754 | oo | 02 


12 


THE GAZETTE OF INDIA : EXTRAORDINARY 


[PART II—SEC. 3(11)] 


1 2 3 | 4 | | 5 | [6 
297 2678 | 00 | 07 
298 2679 | 00 | 02 
299 2681 | 00 | 06 
300 2682 | 00 | | 09. 
301 2684 | 00 | 08 
302 2683 | 00 | 02 
303 2721 | oo 02 
304 2688 | oo | 15 
305 2694 | 00 | 07 
306 4023 | 00 | 02 
307 2693 | 00 | 08 
308 2701 | 00 | 04 
309 1679 | 00 | 10 
310 1678 |: 200: | 02 
311 1680 | 00 | 04 
312 1687 कि जो 02 
313 1677 | 00 | 05 
314 1688 | 00 | 12 
315 1692 | oo | 09 
316 1690 | 00 | 02 
317 1691 | 00 | 03 
318 1706 | 00 | 07 
319 1707 | 00 | 07 
320 1709 | 00 | 05 
321 1710 | 00 | 04 
322 1711 | 00 | 05 
323 1744 ॥ 200» | 04 
324 1745 | 00 | 03 
325 1746 | 00 | 02 
326 1656 | 00 | 13 
327 1640 | oo | 02 


[भाग 1---खण्ड 3(ii)] 


भारत का राजपत्र : असाधारण 


13 


1 3 | 4 | | 5 | [6 
328 1641 | 00 | 04 
329 1637 | 00 | 02 
330 1635 | oo /| 03 
331 1189 | 00 | 05 
332 1151 | 00 | 04 
333 1188 | 00 | 04 
334 1150 | oo डी 02 
335 1152 | 00. 07 
336 1153 | 00 | | 06. 
337 1154 | 00 | 05 
338 1142 | oo | 08 
339 1141 | 00 | 07 
340 1122 | 00 | 04 
341 1135 | 200 | 05 
342 1123 | 00 | 03 
343 1134 | 00 | 02 
344 1124 | 00 | 06 
345 1126 | 00 | 02 
346 1125 | oo | 10 
347 1088 | 00 | 02 
348 1089 | 00 | 06 
349 1086 | 00 | 11 
350 1085 | 00 | 04 
351 1081 | 00 | 02 
352 1082 | 00 | 03 
353 1083 हि हो 04 
354 1064 1०000 | 07 
355 1065 | 00 | 02 
356 1063 | 00 | 06 
357 1044 | 00 | 14 
358 980 | oo | 07 


14 


THE GAZETTE OF INDIA : EXTRAORDINARY 


[PART II—SEC. 3(11)] 


1 2 3 | 4 | | 5 | | 6 
359 970 | 00 | 08 
360 969 | 00 | 14 
361 971 | oo 02 
362 968 | 00 | 03 
363 967 | 00 | 04 
364 965 | oo ॥| 04 
365 966 | oo डी 03 
366 942 कि आओ 06 
367 941 | 00 | 06 
368 940 | 00 | 02 
369 914 | oo आओ 03 
370 915 | 00 | 02 
३71 916 | 00 | 06 
372 911 कि जा 03 
373 917 | 00 | 08 
374 910 | 00 | 02 
375 . 909 | 00 | 05 
376 907 | 00 | 02 
३7 908 | oo | 06 
378 879 | 00 | | 09. 
379 882 | 00 | 02 
380 881 | 00 | 02 
381 880 | 00 | 08 
382 876 | 00 | 07 
383 775 | 00 | 02 
384 TT ॥ 00 ॥ 01 
385 779 किक 15 
386 778 | 00 | 02 
387 771 | 00 | 14 
388 673 | 00 | 10 
389 667 | 00. 15 


[भाग 1---खण्ड 3(ii)] 


भारत का राजपत्र : असाधारण 


15 


1 3 Se ae | 5 | [6 
390 666 | 00 | 07 
391 653 | 00 | 02 
392 654 | 00 | 07 
393 656 | 00 | 05 
394 655 | 00 | 03 
395 507 | 00 | 10 
396 508 लि दो 05 
397 466 | oo | 03 
398 510 | 00 | 14 
399 512 | 2700.7 | 08 
400 513 | 00 | 06 
401 458 | 00 | 07 
402 456 | 00 | | 08 
403 454 हि जा 07 
404 431 | 00 | 05 
405 430 | 00 | 04 
406 429 | 00 | 04 
407 428 | 00 | 04 
408 425 | oo | 05 
409 253 | 00 | 10 
410 404 | 00 | 04 
411 254 | 00 | 04 
412 255 | 00 | | 09. 
413 256 | 00 | 08 
414 272 | 00 | 14 
415 273 | 00 “| 10 
416 271 कि आओ) 02 
417 274 | 00 | 02 
418 276 | 00 | 18 
419 275 | 00 | 06 
420 277 | oo | 04 


16 


THE GAZETTE OF INDIA : EXTRAORDINARY 


[PART II—SEC. 3(11)] 


1 2 3 | 4 | 5 | [6 
421 278 | 00 | 08 
422 279 | 00 | 01 
423 282 | 00 | 18 
424 298 | 00 | 02 
425 290 | 00 | 28 
426 319 | 00 | | 08 
427 320 | oo 05 
428 318 | oo | 05 
429 323 | 00 | 08 
430 351 | 00 | 01 
431 352 | 00 | 05 
432 353 | 00 | 05 
433 354 | 00 | | 08 
434 355 ॥ 200 ॥| 02 
435 87 | 00 | 07 
436 | 8 | oo " 24 
437 67 | 00 | 07 
438 | 68 | 00 | 11 
439 | 69 | | oo | 06 
440 70 | 00 | 06 
441 80 | 00 | 02 
442 78 | 00 | 02 
443 77 | 00 | 02 
444 76 | 00 | 02 
445 75 | 00 | 05 
446 71 | oo 1 04 
447 72 ॥ 00» | 04 
448 73 | 00 | 04 
449 74 | 00 | 07 
450 6. बडंगी -124 बडंगी 3812 ॥ 05 ॥ 02 
451 3817 | 00 | 16 


[भाग 1---खण्ड 3(ii)] 


भारत का राजपत्र : असाधारण 


17 


1 3 aa | 5 | | 6 
452 3816 | 00 | 10 
453 3815 | 00% 03 
454 3853 | 00 | 09 
455 3866 | 00 | | 08 
456 3855 | 00 | 02 
457 3865 | 00 | 13 
458 3860 | 00 | 13 
459 3859 | oo | 13 
460 3900 | 00 | 06 
461 3899 | 00 | 08 
462 3898 | 00 | 05 
463 ३897 | 00 | 07 
464 3901 | 00 | 10 
465 3896 al 02 
466 3995 | 00 | 01 
467 3555 | 500: | 33 
468 3996 | 00 | 02 
469 4003 | 00 | 05 
470 4004 | oo | 08 
471 4005 | 00 | 11 
472 4013 | 00 | 04 
473 4014 | 00 | 04 
474 4015 | 00 | 05 
475 4018 | 00 | 02 
476 4017 | 00 | 07 
477 4022 00 | 08 
478 4021 कि आओ) 07 
479 4020 | 00 | 02 
480 4029 | 00 | 03 
481 4028 | 00 | 03 
482 4030 | oo | 05 


18 


THE GAZETTE OF INDIA : EXTRAORDINARY 


[PART II—SEC. 3(11)] 


1 2 3 | 4 | | 5 | [6 
483 4032 | 00 | | 06 
484 4039 | 00 | 04 
485 4040 | 00 | 04 
486 4041 | 00 | 11 
487 3975 | 00 | 04 
488 4042 | 00 | 07 
489 3974 | oo 02 
490 3973 | oo | 11 
491 4053 | 00 | | 06. 
492 4064 | oo | 12 
493 4065 | 00 | 02 
494 4063 | 00 | | 06 
495 4062 | 00 | 02 
496 4061 | oo / | 06 
497 4060 | 00 | 07 
498 4059 |. 500" | 03 
499 4057 | 00 | 01 
500 4058 | 00 | 02 
501 3390 | oo | 02 
502 4067 | 00 | 02 
503 3389 | 00 | 11 
504 3388 | 00 | 03 
505 4047 | 00 | 02 
506 2267 | 00 | 04 
507 4142 | 00 | 02 
508 7. मुगड़ा -125 बडंगी 4064 | 00 | 02 
509 4063 | 00 | | 06 
510 4062 | 00 | 12 
511 4060 | 00 | 02 
512 4067 | 00 | 07 
513 4081 | 00 | 04 


[भाग 1---खण्ड 3(ii)] 


भारत का राजपत्र : असाधारण 


19 


1 3 | a | 5 | | 6 
514 4082 | 00 | | 08. 
515 4083 | 00 | 02 
516 4084 | 00 | 02 
517 4175 | 00 | 24 
518 4176 | 00 | 02 
519 4174 | 00 | 14 
520 4180 | 00 | 02 
521 4172 | 00. 08 
522 4173 | 00 | 02 
523 4171 | 00 | 10 
524 4166 | 00 09 
525 4167 | 00 | 02 
526 4161 | 00 | 04 
527 4162 ॥ 005 | 02 
528 4160 | 00 | 07 
529 4157 | Sod: | | 06 
530 4156 | 00 | 08 
531 4155 | 00 | 01 
532 4151 | oo | 02 
533 4150 | 00 | 14 
534 4135 | 00 | 05 
535 4137 | 00 | 02 
536 4136 | 00 | 10 
537 4124 | 00 | 02 
538 4125 | 00 | 09 
539 4126 | 00 07 
540 4127 ॥ 00» | 01 
541 4121 | 00 | 03 
542 4122 | 00 | 07 
543 4118 लि ओं 02 
544 4119 | 00. 12 


20 


THE GAZETTE OF INDIA : EXTRAORDINARY 


[PART II—SEC. 3(11)] 


1 2 3 | 4 | | 5 | [6 
545 4113 | 00 | 10 
546 4112 | 00 | 10 
547 4105 | 00 | 08 
548 3948 | 00 | | 08 
549 3947 | 00 | 07 
550 3946 | 00 | 26 
551 3945 | 00 | 11 
552 3944 | 00. | 09. 
553 3943 | 00 | 10 
554 3942 छि जज 04 
555 3941 | 00 | 02 
556 3081 | 00 | 11 
557 3082 | 00 | 01 
558 3085 हि | 04 
559 3084 ॥ 0 | 11 
560 3086 | ode | 02 
561 3087 | 00 | 17 
562 3083 | 00 | 02 
563 3076 | oo | 02 
564 3077 | 00: / 27 
565 3078 | 00 | 02 
566 3067 | 00 | 05 
567 3066 | 00 | 06 
568 3064 | 00 | 02 
569 3063 | 00 | 06 
570 3057 | 00 30 
571 3055 कि 08 
572 2513 | 00 | 02 
573 2512 | 00 | 05 
574 2514 | 00 | 02 
575 2510 | oo | 03 


[भाग ave 3(ii)] 


भारत का राजपत्र : असाधारण 


21 


1 3 | 4 | | 5 | | 6 
576 2515 | 00 | 07 
छाए 2521 | 00 | 03 
578 2520 | 00 | 05 
579 2519 | 00 | 02 
580 2606 | 00 | | 06. 
581 2607 | 00 | 02 
582 2608 00 05 
583 2605 | oo | 03 
584 2604 | 00 | 03 
585 2603 | oo 02 
586 2602 | 00 | 13 
587 2601 | 00 | 05 
588 2612 | 00 | 05 
589 2600 |: 200 | | 06 
590 2614 | 00 | 05 
591 2615 |. 500" | 07 
592 2599 | 00 | 04 
593 2619 | 00 | | 09. 
594 2618 | oo | 03 
595 4397 | 00 | | 06. 
596 2654 | 00 | 06 
597 2655 | 00 | 13 
598 2656 | 00 | 02 
599 2653 | 00 | 15 
| 600. 2658 | 00 | 05 
601 2659 हि जो 04 
602 2660 कक 13 
603 2663 | 00 | 05 
604 2664 | 00 | 01 
605 2665 | 00 | 01 
| 606 | 2669 | 00. 14 


22 


THE GAZETTE OF INDIA : EXTRAORDINARY 


[PART II—SEC. 3(i1)] 


1 2 3 | 4 | | 5 | [6 
607 2668 | 00 | 12 
608 2682 | 00 | 15 
| 609. 4534 | 00 | 02 
610 2683 | 00 | 11 
611 4535 | 00 | | 09. 
612 2330 | 00 | 31 
613 852 | oo 09 
614 851 | oo | 02 
615 853 | 00 | 07 
616 863 | oo | 05 
617 864 | 00 | 07 
618 865 | 00 | 08 
619 866 | 00 | 03 
620 867 हि जा 04 
621 871 | 00 | 10 
622 875 कि आओ 12 
623 927 | 00 | 08 
624 928 | 00 | 06 
625 923 | oo | 09 
626 936 | 00 | | 09. 
627 922 | 00 | 02 
628 937 | 00 | 08 
629 920 | 00 | | 09. 
630 919 | 00 | 10 
631 4445 | 00 | 07 
632 916 हि जो 07 
633 911 [aoe ॥ 01 
634 898 | 00 | 13 
635 905 | 00 | 13 
636 |. 906 | 00 12 
637 908 | 00. 14 


[भाग 1---खण्ड 3(ii)] 


भारत का राजपत्र : असाधारण 


23 


1 3 a ae | 5 | | 6 
638 1086 | 00 | 16 
639 1096 | 00 | 10 
640 334 | 00 | 17 
641 335 | 00 | 18 
642 332 | 00 | 11 
643 337 | 00 | 24 
644 339 लि: डी 08 
645 340 | oo | 07 
646 353 | 00 | 06 
647 354 | 00 | | 09 
648 357 | 00 | 11 
649 358 | 00 | 05 
650 356 | 00 | 05 
651 87 [3605 | 04 
652 85 | 00 | 02 
653 71 | 00 | 08 
654 76 | 00 | 15 
655 78 | 00 | | 09. 
656 79 | oo | 04 
657 80 | 00 | 02 
658 52 | 00 | 16 
659 51 | oo 07 
| 660. 50 | 00 | 07 
661 4440 | 00 | 17 
662 48 [oor 4 02 
663 56 | oo । 35 
664 7 ॥ 0० | 20 
665 rw 00 11 
| 666 | a | 00 | 03 
667 | 6 | 00 | 05 


24 


THE GAZETTE OF INDIA : EXTRAORDINARY 


[PART II—SEC. 3(11)] 


1 2 3 | ae | | 5 | [6 
668 8. भीमावरम -115 बडंगी 97/11 ॥ 00: = 05 
| 669. 97/10 | 00 | 02 
670 97/9 | 00 | 03 
671 9 11 | oo 03 
672 95/21 | oo का 12 
673 95/20 | 00 | 06 
674 95/19 | 00 | 06 
675 95/16 oo | 06 
676 95/15 | 00 | 05 
677 95/14 |. 00: | 06 
678 95/9 | 00 | 05 
679 95/8 | 00 | 05 
680 95/7 | 00 | 05 
681 95/1 | 00 | 04 
682 94/27 | 00 | 02 
683 94/23 | 00 | 01 
684 94/21 | 00 | 10 
685 94/22 | “00 | 03 
686 94/20 | 00 | 15 
687 94/2 | 00. 08 
688 94/19 | 00 | 04 
689 94/5 | 00 | 03 
| 690. 94/6 | 00 | 11 
691 93 लि जो | 06. 
692 92/9 |: ८0. ॥ 15 
693 92/10 | 00 | 02 
694 92/7 | 007 01 
695 92/8 | 00 | 15 
| 696 83/19 | 00 | | 08 
697 83/16 | 00 | 08 
698 83/15 | 00 | 07 


[भाग 1---खण्ड 3(ii)] 


भारत का राजपत्र : असाधारण 


25 


1 3 a ae | 5 | [6 
| 699. 83/14 | 00 | 04 
700 83/13 | 00% ॥ 04 
701 83/12 | 00 | 05 
702 83/11 | 00 | 05 
703 80/31 | 00 | 08 
704 80/29 | 00 | 07 
705 80/28 | 00 | 11 
706 80/27 कम 02 
707 81/10 | 00 | 04 
708 81/3 | 00 | 07 
709 81/4 हि जो 26 
710 78 | 00 | 05 
711 77/6 | 00 | 03 
712 CE | 00 | 21 
713 77/3 | 00 | 02 
714 7//2 | 500: | 09 
715 77/15 | 00 | 03 
716 77/1 | 00 | 12 
717 72/10 | oo | | 08 
718 72/11 | 00 | | 06 
719 72/9 | 00 | 12 
720 72/6 | 00 | 15 
721 72/5 | 00 | 02 
722 72/4 | 00 | 30 
723 72/1 | 00 | | 09. 
724 71/31 ॥ 00 “| 17 
725 71/32 | oo 02 
726 71/33 | 00 | 01 
727 71/29 | 00 | 02 
728 71/30 लि ओं 05 
729 71/28 | oo | 08 


26 


THE GAZETTE OF INDIA : EXTRAORDINARY 


[PART II—SEC. 3(11)] 


1 2 3 | 4 | | 5 | [6 
730 71/27 | 00 | 05 
731 71/26 | 00 | 03 
732 71/24 | 00 | 11 
733 71/25 | 00 | 02 
734 71/22 | 00 | 02 
735 71/23 | 00 | 06 
736 71/16 | 00 05 
737 71/15 | oo | 08 
738 71/7 | 00 | 11 
739 71/6 | 00 | 03 
740 71/4 | 00 | 16 
741 9. जनार्दनरंगरायपुरम -114 बोब्बीली 907 | 00 | 11 
742 904 छि ओ| 07 
743 901 | 00 | 14 
744 . 900 | 00 | 11 
745 482 | 00 | 05 
746 474 | 00 | 10 
747 510 | 00: | 04 
748 511 | 00 | 05 
749 512 00%. | 04 
750 519 | oo ॥ | 08 
751 513 | 00 | | 06. 
752 518 | 00 | 04 
753 516 कि आओ 03 
754 517 |: ४. | 05 
755 527 | 00: ॥ 03 
756 528 छिज 04 
757 534 | 00 | 03 
758 533 | 00 10 
759 532 | 00 | 02 
760 436 | 00 | 55 


[भाग 1---खण्ड 3(ii)] 


भारत का राजपत्र : असाधारण 


27 


1 3 ae | 5 | [6 
761 270 | 00 | 11 
762 269 | 00 | 05 
763 271 | 00 | 06 
764 272 | 00 | 07 
765 273 | 00 | 13 
766 236 | 00 | 07 
767 234 | oo --| 04 
768 235 | oo | 10 
769 230 | 00 | | 09. 
770 228 | 27007 06 
771 229 | oo 10 
772 319 | 00 | 01 
773 317 | 00 | 10 
774 318 |: oo. | 14 
775 316 | 00 | 05 
776 315 कि) 02 
777 328 | 00 | 16 
778 341 | 00 | 04 
779 340 | oo | 08 
780 338 | 00 | 07 
781 337 | 00 | | 06 
782 336 | 00 | 07 
783 351 | 00 | 07 
784 352 | 00 | 19 
785 353 | 00 | 02 
786 360 | 00 “| 10 
787 361 1०000 | 03 
788 363 | 00 | | 08. 
789 365 | 00 | 13 
790 371 लि ओं 24 
791 370 | 00. 11 


28 


THE GAZETTE OF INDIA : EXTRAORDINARY 


[PART II—SEC. 3(11)] 


1 2 3 | 4 | 5 | [6 
792 369 | 00 | 02 
793 10. पल्टेरू-126 बडंगी 5/3 | 00 | 16 
794 5/2 | 00 | 10 
795 5/1 | 00 | 13 
796 5/5 | 00 | 02 
797 11. अलजंगी-113 बोब्बीली 143/6 | 00 | 04 
798 143/8 | 00 | 08 
799 143/9 | 00 | 05 
800 143/10 | oo | 12 
801 143/14 | 00 | 15 
802 143/1 | 00 | 16 
803 142/9 | 00: | 14 
804 142/13 | 00 | 15 
805 142/10 | 00 | 02 
806 142/11 | oo | 03 
807 142/12 | 00 | 04 
808 142/19 | 00 | 02 
809 141/7 | 00 | 10 
810 141/8 | 00 | 02 
811 141/9 | oo | 12 
812 141/21 | 00 | 12 
813 141/23 | 00 | 02 
814 141/22 | 00 | 04 
815 141/20 | 00 | 05 
816 141/19 | 00 | | 06 
817 141/18 | 00 08 
818 138/5 | 00 | 02 
819 137/1 | 00 | 03 
820 137/9 | 00 | 05 
821 138/1 | oo | 02 
822 137/11 | 00 | | 09. 


[भाग 1---खण्ड 3(ii)] 


भारत का राजपत्र : असाधारण 


29 


1 3 ae | 5 | | 6 
823 137/12 | 00 | 14 
824 137/13 | 00 | 08 
825 137/4 | 00 | 16 
826 135/27 | 00 | 09 
827 133/2 | 00 | 10 
828 133/5 | 00 | 01 
829 134/2 | oo 03 
830 134/3 | oo | 13 
831 134/5 | 00 | 02 
832 134/4 | oo / 09 
833 134/7 | 00 | 09 
834 134/8 | 00 | 04 
835 124/29 | 00 | | 09. 
836 125/24 ee. | 02 
837 125/23 | 00 | 08 
838 125/22 |. 00> | 04 
839 125/21 | 00 | 02 
840 125/17 | 00 | 04 
841 125/16 | oo | 03 
842 125/18 | 00 | 02 
843 125/15 | 00 | 04 
844 125/14 | oo -| 03 
845 125/8 | 00 | 02 
846 125/3 | 00 | | 08 
847 125/1 | 00 | 01 
848 125/4 | 00 | 06 
849 125/5 हि. आओ 04 
850 125/6 | 00 | 02 
851 119/19 | 00 | 05 
852 119/20 |: 00 05 
853 119/21 | oo | 04 


30 


THE GAZETTE OF INDIA : EXTRAORDINARY 


[PART II—SEC. 3(11)] 


1 2 3 | 4 | | 5 | [6 
854 119/22 | 00 | 03 
855 119/17 | 00 | 04 
856 119/25 | 00 | 05 
857 119/24 | 00 | 02 
858 119/26 | 00 | 03 
859 99/9 | 00 | | 08 
860 99/7 | 00 | 06 
861 99/8 | oo | 06 
862 99/5 | 00 | 12 
863 101/15 | 2700 04 
864 101/16 ॥ 00 | 06 
865 101/19 | 00 | | 08 
866 101/17 | 00 | 02 
667 101/18 Pee. | 02 
868 102/1 | 00 | 07 
869 102/3 |. 00 | 12 
870 102/2 | 00 | 01 
871 103/4 | 00 | 29 
872 103/11 | oo | 02 
873 103/15 | 00 | 01 
874 103/17 | 00 | 13 
875 84/3 | 00 | 02 
876 84/1 | 00 | 04 
877 82/11 | 00 | 16 
878 83/10 | 00 | 11 
879 83/11 | 00 | 03 
880 83/12 | 00 | 02 
881 83/9 | 00 | 16 
882 79/4 | 00 | 23 
883 79/2 | 00 02 
884 79/3 | oo | 09 


[भाग 1---खण्ड 3(ii)] 


भारत का राजपत्र : असाधारण 


31 


1 3 | 4 | | 5 | | 6 
885 80/7 | 00 | 04 
886 78/3 | 00 | 06 
887 78/2 | 00 | 11 
888 78/15 | 00 | 02 
889 78/16 | 00 | 06 
890 78/1 | 00 | 03 
891 25/15 | oo 09 
892 25/9 | oo | 02 
893 25/14 | 00 | 09 
894 25/13 | 00 | | 09. 
895 25/12 | 00 | 02 
896 41/6 | 00 | 01 
897 41/5 | 00 | 02 
898 41/4 | ५005 | | 09 
899 41/3 | 00 | 03 
| 900. 41/1 | 00 | 04 
901 41/2 | 00 | 06 
902 40/14 | 00 | | 09 
903 40/15 | oo | 09 
904 40/9 | 00 | 02 
905 43/11 | 00 | 05 
| 906 43/10 | 00 | 12 
907 43/9 | 00 | 14 
908 43/4 | 00 | 08 
| 909. 43/6 | 00 | 08 
910 43/5 | 00 07 
911 43/7 1०000 | 07 
912 45/1 | 00 | 02 
913 37/13 | 00 | 13 
914 37/12 | 00 | 02 
915 46/5 | oo | 02 


32 


THE GAZETTE OF INDIA : EXTRAORDINARY 


[PART II—SEC. 3(11)] 


1 2 3 | 4 | 5 | [6 
916 46/3 | 00 | 02 
917 46/4 | 00 | | 09. 
918 46/1 | oo | 04 
919 46/6 | 00 | 05 
920 46/7 | 00 | 02 
921 47 | 00 | 54 
922 46/8 | oo डों 02 
923 49/2 | 00. 02 
924 | a | 00 | 05 
925 7 | 00 | 35 
926 | 6 हि आओ 24 
927 266/2 | 00 | | 08. 
928 266/1 | 00 | 19 
929 12. यंबन्ननलस-1 12 बोब्बीली 377 | 00 | 03 
930 373 | 00 | 02 
931 ३75 | 00 30 
932 376 oe | 02 
933 369 | 00 | 21 
934 366 | 00 | 25 
935 367 | oo | 02 
936 364 | oo 15 
937 362 | 00 | 03 
938 363 | 00 | 14 
939 361 कि आओ | 06. 
940 उ57 |: ४0. i 15 
941 356 | 00: ! 03 
942 355 [Ger i 02 
943 384 | 00 | 34 
944 596 | 00 | 05 
945 595 | 00 | 11 
946 591 | 00 | 21 


[भाग 1---खण्ड 3(ii)] भारत का राजपत्र : असाधारण 33 


1 2 3 a ae | 5 | | 6 
947 592 | 00 | 10 
948 585 | 00 | 02 
949 584 | 00 | 42 
950 578 | 00 | 19 
951 670 | 00 | 08 
952 671 | 00 | 13 
953 672 | oo 08 
954 674 | oo | 15 
955 673 | 00 | 03 
956 570 | 00 | 13 
957 569 | 00 ॥ 15 
958 680 | 00 | 03 
959 681 | 00 | 14 
| 960. 568 हि जा | 09. 
961 692 | 00 | 12 
962 565 कि आओ) 02 
963 693 | 00 | | 09. 
964 694 | 00 | 11 
965 |. 69 | | oo | 12 
| 966 698 | 00 | 16 
967 714 | 00 | 02 
968 716 लि ड़ 08 
| 969. 715 | 00 | 14 
970 717 | 00 | 17 
971 726 | 00 02 
972 718 | 00 16 
973 719 हि. जज 21 
974 720 | 00 | 02 


[फा. सं. आर-11025(11)/12/2018-ओआर-॥/ई-25587] 
शशि शेखर सिंह, अवर सचिव 


34 THE GAZETTE OF INDIA : EXTRAORDINARY [PART II—SEC. 3(11)] 


MINISTRY OF PETROLEUM AND NATURAL GAS 
NOTIFICATION 
New Delhi, the 4th February, 2026 


5.0. 555(E).— Whereas, by the notification of the Government of India in the Ministry of Petroleum and 
Natural Gas, number S.O. 4490 dated the 30th September, 2025, issued under sub-section (1) of section 3 of the 
Petroleum and Minerals Pipelines (Acquisition of Right of User in Land) Act, 1962 (50 of 1962) (hereinafter referred 
to as “the said Act”), and published in the Extraordinary Gazette of India dated October-1, 2025, the Central Government 
declared its intention to acquire the Right of User in the land specified in the Schedule appended to that notification, for 
the purpose of laying a pipeline for transportation of petroleum products from Visakha (Andhra Pradesh) to Raipur 
(Chhattisgarh) in the State of Andhra Pradesh by Hindustan Petroleum Corporation Limited; 


And whereas copies of the said Weekly Gazette notification were made available to the public on 
067 November, 2025; 


And whereas the Competent Authority has, under sub-section (1) of section 6 of the said Act, submitted his 
report to the Central Government; 


And whereas the Central Government, after considering the said report and being satisfied that the said land is 
required for the purpose of laying the said pipeline, has decided to acquire the Right of User therein; 


Now, therefore, in exercise of the powers conferred by sub-section (1) of section 6 of the said Act, the Central 
Government hereby declares that the Right of User in the land specified in the Schedule appended to this notification is 
acquired for the purpose of laying the said pipeline; 


And further, in exercise of the powers conferred by sub-section (4) of section 6 of the said Act, the Central 
Government hereby directs that the Right of User in the said land for laying the pipeline shall, instead of vesting in the 
Central Government, vest on the date of publication of this declaration, in Hindustan Petroleum Corporation Limited, 
free from all encumbrances; 


Hindustan Petroleum Corporation Limited shall be exclusively liable for any compensation in terms of Section 
10 of the P&MP Act, 1962 According to section 13 no suit, claim or legal proceeding would lie against the Central 
Government on any matter relating to the pipeline. 


SCHEDULE 
District: Vizianagaram State: Andhra Pradesh 
SL. No. Name of Village Name of Mandal autre Le es 
No. Acres Cents 
1 2 3 = | 5 |_6 | 
1 1. Korapa Kottavalasa-180 Dattirajeru 120/1 | 00 | 18 
2 122/3 | 00 | | 09 | 
3 122/2 | oo | | 08 _ 
4 122/1 | 00 | 12 
5 115/16 | 00 | 03 
| 6 | 124/27 | 00 | 05 
7 124/17 | 00 | 02 
विष कड़ा 124/26 | 00 | 15 
| 9 | 124/25 | 00 | 05 
10 124/20 | 00 | 02 
11 124/21 | 00 | 02 
12 124/23 | 00 | 04 
13 124/22 | 00 | 03 
14 127/18 | 00 | 07 
15 127/16 | 00 | 04 
16 127/17 | 00 | | 08 | 
17 127/14 | 00 | 05 


[भाग ave 3(ii)] 


भारत का राजपत्र : असाधारण 


35 


1 3 |__4 |ऋ 5 | 6 | 
18 127/11 | 00 | 03 
19 127/13 | 00 | 05 
20 127/12 | 00 | | 06 | 
21 127/7 | 00 | | 08 | 
22 127/4 | oo | 01 
23 127/5 | 00 | 02 
24 127/6 | 00 | 04 
25 128/28 | 00 | 02 
26 128/27 | 00 | 05 
27 128/26 | 00 | 04 
28 128/9 | 00 | 02 
29 128/25 | 00 | | 06 | 
30 128/23 | 00 | | 06 
31 128/22 | 00 | 02 
32 128/21 | 00 | 07 
33 128/16 | 00 | 04 
34 128/15 | 00 | 03 
35 129/35 | 00 | | 08 
36 129/17 | oo | 02 
37 129/21 | 00 | 04 
38 129/34 | 00 | 07 
39 129/33 im 05 
40 129/22 | 00 | 04 
41 129/32 | 00 | 04 
42 129/31 | 00 | 04 
43 129/23 | 00 | | 06 | 
44 129/24 | 00 | 03 
45 142/34 | 00 | | 06 | 
46 129/25 | 00 | 02 
47 142/38 | 00 | 03 
48 142/33 | 00 | 02 
49 142/35 | 00 | 04 
50 142/37 | 00 | | 06 | 
51 142/36 | 00 | 03 
52 145/34 | 00 | 03 
53 145/33 | 00 | | 08 | 
54 145/32 | 00 | 02 
55 145/31 | 00 | 05 
56 145/29 | 00 | | 09 | 
57 145/27 | 00 | | _08 | 
58 145/28 | 00 | 02 
59 145/1 | 00 | 02 
| 60 | 145/2 | 00 | 05 
61 145/4 | 00 | 02 
62 145/5 | 00 | 05 
63 145/6 | 00 | 07 
64 144/5 | 00 | 02 
65 144/4 | oo | 02 
| 66 | 144/11 | 00 | 01 
67 144/6 | 00 | | 09 | 
| 68 | 144/3 | 00 | 13 


THE GAZETTE OF INDIA : EXTRAORDINARY [PART II—SEC. 3(11)] 


1 2 3 [a= | Se 6 /| 
| 69 | 144/13 | 00 | | 06 | 
70 144/2 | 00 | 02 
71 144/14 | oo | 03 
72 144/1 | 00 | 04 
73 144/16 | 00 | 03 
74 2. Korapa -177 Dattirajeru 145/15 | 00 | 05 
75 145/14 | oo | 02 
76 145/12 | 00 | | 09 | 
77 145/11 | 00 | 01 
78 144/14 | 00 | 05 
79 144/13 | 00 | 07 
| 80 | 144/5 | 00 | 07 
81 144/4 | 00 | 07 
82 144/3 | 00 | 05 
83 143/10 | 00 | 13 
84 143/12 | 00 | 07 
85 142/9 | 00 | 10 
| 86 | 142/15 | 00 | 11 
87 142/10 | 00 | | 08 
88 142/14 | oo | 02 
| 89 | 142/13 | 00 | | 09 | 
| 90 | 141/4 | 00 | 01 
91 141/7 | oo | 18 
92 141/6 | 00 | 04 
93 141/5 | 00 | | 08 
94 140 | oo | 12 
95 119/21 | 00 | 02 
| 96 | 119/20 | 00 | 05 
97 119/19 | 00 | 05 
| 98 | 119/17 | 00 | 02 
| 99 | 139/13 | 00 | 03 
100 139/12 | 00 | 07 
101 139/11 | oo | 07 
102 139/10 | 00 | 02 
103 139/1 | 00 | | 08 
104 137/13 | 00 | 12 
105 119/10 | 00 | 02 
106 137/9 | 00 | | 06 | 
107 137/10 | 00 | 02 
108 137/11 | 00 | 01 
109 137/4 | 00 | | 06 | 
110 137/7 | oo | 03 
111 137/5 | 00 | 03 
112 137/1 | 00 | | 06 | 
113 136/2 | oo | 01 
114 136/16 | 00 | 05 
115 136/3 | 00 | 05 
116 136/4 | 00 | 02 
117 136/5 | 00 | | 06 | 
118 136/7 | 00 | 05 
119 136/6 | 00 | 03 


[भाग ave 3(ii)] 


भारत का राजपत्र : असाधारण 


oy 


1 3 |__4 | 5 | 6 | 
120 120/17 | 00 | 02 
121 133/17 | 00 | 07 
122 133/9 | 00 | 01 
123 133/10 | 00 | 05 
124 133/11 | 00 | 03 
125 133/12 | 00 | 05 
126 133/13 | 00 | | 06 | 
127 133/14 | 00 | 05 
128 132/1 | 00 | 10 
129 132/2 | 00 | 02 
130 121/9 | 00 | 02 
131 131/4 | 00 | 07 
132 121/10 | 00 | 01 
133 121/8 | 00 | 05 
134 121/6 | 00 | 02 
135 122/11 | oo | 04 
136 122/10 | 00 | | 09 | 
137 122/12 | 00 | 04 
138 122/13 | 00 | 02 
139 122/14 | oo | | 06 | 
140 122/9 | 00 | 02 
141 122/7 | 00 | 04 
142 122/6 | 00 | 02 
143 122/4 | 00 | 04 
144 122/3 | 00 | 04 
145 123/17 | 00 | | 06 | 
146 123/16 | 00 | 02 
147 123/19 | 00 | 02 
148 123/18 | 00 | 04 
149 123/30 | 00 | 02 
150 123/21 | 00 | 10 
151 123/28 | 00 | 07 
152 123/23 | 00 | 03 
153 126/24 | 00 | 04 
154 123/27 | 00 | | _06_ | 
155 123/25 | 00 | 02 
156 123/26 | 00 | 02 
157 126/10 | 00 | 02 
158 126/9 | 00 | | 06 | 
159 126/8 | 00 | | _06 | 
160 126/7 | 00 | | 06 | 
161 126/4 | 00 | 02 
162 126/3 | 00 | | 08 | 
163 126/2 | 00 | 02 
164 126/1 | 00 | 05 
165 124/18 | 00 | 02 
166 125/17 | 00 | 04 
167 125/16 | 00 | 05 
168 124/14 | 00 | 02 
169 125/15 | 00 | | 06 | 
170 124/13 | 00 | 02 


THE GAZETTE OF INDIA : EXTRAORDINARY [PART II—SEC. 3(11)] 


1 2 3 | 4 [5 | 6 | 
171 125/14 | 00 | | 06 | 
172 124/36 | 00 | 01 
173 124/35 | 00 | 01 
174 124/34 | 00 | 01 
175 124/12 | 00 | 02 
176 125/8 | 00 | 10 
177 125/7 | 00 | 05 
178 125/4 | 00 | | 08 | 
179 125/3 | 00 | 03 
180 3. Korapa Krishnapuram -176 Dattirajeru 36/19 | 00 | 02 
181 36/18 | 00 | 10 
182 36/16 | 00 | 07 
183 36/14 | 00 | | 09 | 
184 36/15 | 00 | 05 
185 36/11 | 00 | 05 
186 36/2 | 00 | 03 
187 36/1 | 00 | 04 
188 37/25 | oo | 03 
189 37/26 | 00 | 03 
190 37/28 | oo | 04 
191 37/22 | 00 | 03 
192 37/29 | 00 | 07 
193 37/30 | oo | | 06 | 
194 37/31 | 00 | 02 
195 37/14 | 00 | 07 
196 37/38 | 00 | 02 
197 37/15 | oo | 02 
198 37/13 | 00 | 04 
199 37/8 | 00 | 04 
200 37/9 | 00 | 02 
201 37/7 | 00 | 02 
202 38/3 | oo | 20 
203 38/1 | 00 | 15 
204 40/2 | 00 | | 09 | 
205 40/1 | 00 | 21 
206 4. Pindrabgivalasa-175 Badangi 65/26 | oo | 06 | 
207 65/29 | 00 | 02 
208 65/28 | 00 | 10 
209 65/33 | 00 | 12 
210 65/20 | 00 | 02 
211 65/18 | 00 | 01 
212 65/19 | 00 | 14 
213 65/21 | 00 | 02 
214 65/17 | 00 | 02 
215 66/37 | 00 | 03 
216 66/36 | oo | | 06 | 
217 67/25 | 00 | | 08 
218 66/34 | 00 | 05 
219 66/33 | 00 | 05 
220 67/26 | 00 | 02 
221 67/23 | 00 | 11 


[भाग 1---खण्ड 3(ii)] 


भारत का राजपत्र : असाधारण 


39 


1 3 | 4 | § | 6 | 
222 66/31 | 00 | 02 
223 67/22 | 00 | 04 
224 67/24 | 00 | 02 
225 67/21 | 00 | | 06 | 
226 67/18 | 00 | | 06 | 
227 67/20 | 00 | 03 
228 67/19 | 00 | 02 
229 67/5 | 00 | 28 
230 5. Virasagaram-174 Badangi 3278 | 00 । 2.1 
231 3284 | 00 | 13 
232 3285 | 00 | 25 
233 4001 | oo | 02 
234 3252 | 00 | | 09 | 
235 3251 | 00 | | _09 | 
236 3250 | 00 | | 09 | 
237 3255 | 00 | 02 
238 3249 | 00 | 02 
239 3290 | 00 | 05 
240 3998 | 00 | 02 
241 3248 | 00 | | 06 | 
242 3997 | 00 | 02 
243 3247 | 00 | 05 
244 3238 | 00 | 07 
245 3996 | 00 | 03 
246 3999 | 00 | 03 
247 3237 | 00 | 05 
248 3236 | 00 | | 06 | 
249 3291 | 00 | 03 
250 3232 | oo | 12 
251 3147 | 00 | | _06 | 
252 3146 | 00 | | 06 | 
253 3148 | oo | 03 
254 3145 | 00 | 05 
255 4024 | 00 | 02 
256 3144 | 00 | 18 
257 4025 | 00 | 02 
258 3143 | 00 | 07 
259 3294 | 00 | 23 
260 3142 | 00 | | 06 | 
261 3141 | 00 | 04 
262 3140 | 00 | 03 
263 3139 | 00 | 02 
264 3138 | 00 | 03 
265 3055 | 00 | 14 
266 3051 | 00 | 11 
267 3050 | 00 | 13 
268 2893 | 00 | 23 
269 2891 | 00 | 11 
270 2890 | 00 | 02 
271 2889 | 00 | 04 
272 2888 | 00 | 04 


40 


THE GAZETTE OF INDIA : EXTRAORDINARY 


[PART II—SEC. 3(11)] 


1 2 3 |__4 | 5 | 6 | 
273 2887 | 00 | 07 
274 2885 | 00 | 03 
275 2884 | 00 | 03 
276 2883 | 00 | 03 
277 2881 | 00 | | 08 
278 2859 | 00 | 23 
279 2838 | 00 | 17 
280 2820 | 00 | 02 
281 2822 | 00 | 07 
282 2803 | 00 | 02 
283 2804 | 00 | 10 
284 2806 | 00 | | 08 | 
285 2805 | 00 | 03 
286 2789 | 00 | 02 
287 2788 | 00 | | 09 | 
288 2774 | oo | 04 
289 2773 | oo | 04 
290 2771 | 00 | 05 
291 2772 | 00 | 04 
292 2770 | 00 | 02 
293 2752 | 00 | 07 
294 2753 im 05 
295 2751 | 00 | 02 
296 2754 | 00 | 02 
297 2676 | 00 | 07 
298 2679 | 00 | 02 
299 2681 | 00 | | 06 | 
300 2682 | 00 | | _09 | 
301 2684 | 00 | | 08 | 
302 2683 | 00 | 02 
303 2721 | 00 | 02 
304 2688 | oo | 15 
305 2694 | 00 | 07 
306 4023 | 00 | 02 
307 2693 | 00 | | 08 | 
306 2701 | 00 | 04 
309 1679 | 00 | 10 
310 1678 | 00 | 02 
311 1680 | 00 | 04 
312 1687 | 00 | 02 
313 1677 | 00 | 05 
314 1688 | 00 | 12 
315 1692 | 00 | | _ 09 | 
316 1690 | 00 | 02 
317 1691 | 00 | 03 
318 1706 | 00 | 07 
319 1707 | 00 | 07 
320 1709 | 00 | 05 
321 1710 | 00 | 04 
322 1711 | 00 | 05 
323 1744 | 00 | 04 


[भाग 1---खण्ड 3(ii)] 


भारत का राजपत्र : असाधारण 


41 


1 3 |__4 |ऋ 5 |_6 | 
324 1745 | 00 | 03 
325 1746 | 00 | 02 
326 1656 | 00 | 13 
327 1640 | 00 | 02 
328 1641 | 00 | 04 
329 1637 | 00 | 02 
330 1635 | 00 | 03 
331 1189 | 00 | 05 
332 1151 | 00 | 04 
333 1188 | 00 | 04 
334 1150 | 00 | 02 
335 1152 | 00 | 07 
336 1153 | 00 | | 06 | 
337 1154 | 00 | 05 
338 1142 | 00 | | 208 = | 
339 1141 | oo | 07 
340 1122 | 00 | 04 
341 1135 | 00 | 05 
342 1123 | oo | 03 
343 1134 | 00 | 02 
344 1124 | 00 | | 06 | 
345 1126 | 00 | 02 
346 1125 | 00 | 10 
347 1088 | 00 | 02 
348 1089 | 00 | | 06 | 
349 1086 | 00 | 11 
350 1085 | 00 | 04 
351 1081 | 00 | 02 
352 1082 | 00 | 03 
353 1083 | 00 | 04 
354 1064 | 00 | 07 
355 1065 | 00 | 02 
356 1063 | 00 | | 06 | 
357 1044 | 00 | 14 
358 980 | 00 | 07 
359 970 | 00 | ie 08 | 
360 | 969 | 00 | 14 
361 971 | 00 | 02 
362 968 | 00 | 03 
363 967 | 00 | 04 
364 965 | 00 | 04 
365 | 966 | 00 | 03 
366 942 | 00 | | 06 | 
367 941 | 00 | | 06 | 
368 940 | 00 | 02 
369 914 | 00 | 03 
370 915 | 00 | 02 
371 916 | 00 | | 06 | 
372 911 | 00 | 03 
373 917 | 00 | | 08 | 
374 910 | 00 | 02 


42 


THE GAZETTE OF INDIA : EXTRAORDINARY 


[PART II—SEC. 3(i1)] 


1 2 3 |__4 | 5 | 6 | 
375 | 909s | 00 | 05 
376 907 | 00 | 02 
377 908 | oo | | 06 | 
378 879 | 00 | | _09 | 
379 882 | 00 | 02 
380 881 | 00 | 02 
381 880 | 00 | | 08 
382 876 | 00 | 07 
383 775 | 00 | 02 
384 777 | 00 | 01 
385 779 | 00 | 15 
386 778 | 00 | 02 
387 771 | 00 | 14 
388 673 | 00 | 10 
389 667 | 00 | 15 
390 | 666 [| | 00 | 07 
391 653 | 00 | 02 
392 654 | 00 | 07 
393 656 | 00 | 05 
394 655 | 00 | 03 
395 507 | 00 | 10 
396 508 | 00 | 05 
397 466 | 00 | 03 
398 510 | 00 | 14 
399 512 | 00 | | 08 | 
400 513 | 00 | | 06 | 
401 458 | 00 | 07 
402 456 | 00 | | 08 | 
403 454 | 00 | 07 
404 431 | 00 | 05 
405 430 | 00 | 04 
406 429 | oo | 04 
407 428 | 00 | 04 
408 425 | 00 | 05 
409 253 | 00 | 10 
410 404 | 00 | 04 
411 254 | 00 | 04 
412 255 | 00 | | 09 | 
413 256 | 00 | | 08 | 
414 272 | 00 | 14 
415 273 | 00 | 10 
416 271 | 00 | 02 
417 274 | oo | 02 
418 276 | 00 | 16 
419 275 | 00 | | 06 | 
420 277 | 00 | 04 
421 278 | 00 | is 08 | 
422 279 | 00 | 01 
423 282 | 00 | 16 
424 298 | 00 | 02 
425 290 | 00 | 28 


[भाग ave 3(ii)] 


भारत का राजपत्र : असाधारण 


43 


1 3 | 4 | § | 6 | 
426 319 | 00 | | 08 
427 320 | 00 | 05 
428 318 | 00 | 05 
429 323 | 00 | | 08 | 
430 351 | oo | 01 
431 352 | 00 | 05 
432 353 | 00 | 05 
433 354 | 00 | | 708 | 
434 355 | 00 | 02 
435 87 | 00 | 07 
436 [= = 8४6 |! | 00 | 24 
437 67 | 00 | 07 
438 | 68 | | 00 | 11 
439 | 69 [| | 00 | | 06 | 
440 70 | 00 | | 06 | 
441 | 8४0 [| | 00 | 02 
442 78 | 00 | 02 
443 77 | 00 | 02 
444 76 | 00 | 02 
445 75 | 00 | 05 
446 71 | 00 | 04 
447 72 | 00 | 04 
448 73 | 00 | 04 
449 74 | 00 | 07 
450 6. Badangi-124 Badangi 3812 | 00 | 02 
451 3817 | 00 | 16 
452 3816 | 00 | 10 
453 3815 | 00 | 03 
454 3853 | 00 | | 09 | 
455 3866 | 00 | | 08 
456 3855 | 00 | 02 
457 3865 | 00 | 13 
458 3860 | 00 | 13 
459 3859 | 00 | 13 
460 3900 | 00 | | 06 | 
461 3899 | 00 | | _08 | 
462 3898 | 00 | 05 
463 3897 | 00 | 07 
464 3901 | 00 | 10 
465 3896 | 00 | 02 
466 3995 | 00 | 01 
467 3555 | 00 | 33 
468 3996 | 00 | 02 
469 4003 | 00 | 05 
470 4004 | 00 | | 08 | 
471 4005 | 00 | 11 
472 4013 | 00 | 04 
473 4014 | 00 | 04 
474 4015 | oo | 05 
475 4018 | 00 | 02 
476 4017 | 00 | 07 


44 


THE GAZETTE OF INDIA : EXTRAORDINARY 


[PART II—SEC. 3(i1)] 


1 2 3 | 4 | § | 6 | 
477 4022 | 00 | | 08 
478 4021 | 00 | 07 
479 4020 | 00 | 02 
480 4029 | 00 | 03 
481 4028 | 00 | 03 
482 4030 | 00 | 05 
483 4032 | 00 | | 06 | 
484 4039 | 00 | 04 
485 4040 | 00 | 04 
486 4041 | 00 | 11 
487 3975 | 00 | 04 
488 4042 | 00 | 07 
489 3974 | 00 | 02 
490 3973 | 00 | 11 
491 4053 | 00 | | 06 | 
492 4064 | 00 | 12 
493 4065 | 00 | 02 
494 4063 | 00 | | _06 | 
495 4062 | 00 | 02 
496 4061 | 00 | | 06 | 
497 4060 | 00 | 07 
498 4059 | 00 | 03 
499 4057 | 00 | 01 
500 4058 | 00 | 02 
501 3390 | 00 | 02 
502 4067 | 00 | 02 
503 3389 | 00 | 11 
504 3388 | 00 | 03 
505 4047 | 00 | 02 
506 2267 | 00 | 04 
507 4142 | 00 | 02 
508 7. Mugada-125 Badangi 4064 | 00 | 02 
509 4063 | 00 | | 06 | 
510 4062 | 00 | 12 
511 4060 | 00 | 02 
512 4067 | 00 | 07 
513 4081 | 00 | 04 
514 4082 | 00 | | 08 | 
515 4083 | 00 | 02 
516 4084 | 00 | 02 
517 4175 | 00 | 24 
518 4176 | 00 | 02 
519 4174 | 00 | 14 
520 4180 | 00 | 02 
521 4172 | 00 | | 08 
522 4173 | 00 | 02 
523 4171 | 00 | 10 
524 4166 | 00 | | _ 09 | 
525 4167 | 00 | 02 
526 4161 | 00 | 04 
527 4162 | 00 | 02 


[भाग ave 3(ii)] 


भारत का राजपत्र : असाधारण 


45 


1 3 |__4 | 5 | 6 | 
528 4160 | 00 | 07 
529 4157 | 00 | | 06 | 
530 4156 | oo | | 08 | 
531 4155 | 00 | 01 
532 4151 | 00 | 02 
533 4150 | 00 | 14 
534 4135 | 00 | 05 
535 4137 | 00 | 02 
536 4136 | 00 | 10 
537 4124 | 00 | 02 
538 4125 | 00 | | 09 | 
539 4126 | 00 | 07 
540 4127 | 00 | 01 
541 4121 | 00 | 03 
542 4122 | 00 | 07 
543 4116 | 00 | 02 
544 4119 | 00 | 12 
545 4113 | 00 | 10 
546 4112 | 00 | 10 
547 4105 | oo | | 08 
548 3948 | 00 | | 08 
549 3947 | 00 | 07 
550 3946 | 00 | 26 
551 3945 | 00 | 11 
552 3944 | 00 | | 09 | 
553 3943 | 00 | 10 
554 3942 | 00 | 04 
555 3941 | 00 | 02 
556 3081 | 00 | 11 
557 3082 | 00 | 01 
558 3085 | 00 | 04 
559 3084 | oo | 11 
560 3086 | 00 | 02 
561 3087 | 00 | 17 
562 3083 | 00 | 02 
563 3076 | 00 | 02 
564 3077 | 00 | 27 
565 3078 | 00 | 02 
566 3067 | oo | 05 
567 3066 | 00 | | _06 | 
568 3064 | 00 | 02 
569 3063 | 00 | | 06 | 
570 3057 | 00 | 30 
571 3055 | 00 | | 08 | 
572 2513 | 00 | 02 
573 2512 | 00 | 05 
574 2514 | oo | 02 
575 2510 | 00 | 03 
576 2515 | oo | 07 
577 2521 | 00 | 03 
578 2520 | 00 | 05 


THE GAZETTE OF INDIA : EXTRAORDINARY [PART II—SEC. 3(i1)] 


1 2 3 |__4 |ऋ 5 | 6 | 
579 2519 | 00 | 02 
580 2606 | 00 | | 06 | 
581 2607 | 00 | 02 
582 2608 | 00 | 05 
583 2605 | 00 | 03 
584 2604 | 00 | 03 
585 2603 | 00 | 02 
586 2602 | 00 | 13 
587 2601 | 00 | 05 
588 2612 | 00 | 05 
589 2600 | 00 | | 06 | 
590 2614 | 00 | 05 
591 2615 | 00 | 07 
592 2599 | 00 | 04 
593 2619 | 00 | | 09 | 
594 2618 | oo | 03 
595 4397 | oo | | 06 | 
596 2654 | 00 | | 06 | 
597 2655 | 00 | 13 
598 2656 | 00 | 02 
599 2653 | 00 | 15 
| 600 | 2656 | 00 | 05 
601 2659 | 00 | 04 
602 2660 | 00 | 13 
603 2663 | oo | 05 
604 2664 | 00 | 01 
605 2665 | 00 | 01 
| 606 | 2669 | 00 | 14 
607 2668 | 00 | 12 
608 2682 | 00 | 15 
| 609 | 4534 | 00 | 02 
610 2683 | 00 | 11 
611 4535 | 00 | | 09 | 
612 2330 | 00 | 31 
613 852 | 00 | | 09 | 
614 851 | 00 | 02 
615 853 | 00 | 07 
616 863 | 00 | 05 
617 864 | 00 | 07 
618 865 | 00 | | 08 
619 866 | 00 | 03 
620 867 | 00 | 04 
621 871 | 00 | 10 
622 875 | 00 | 12 
623 927 | 00 | | 08 | 
624 928 | 00 | | _06 | 
625 923 | 00 | | 09 | 
626 936 | 00 | | 09 
627 922 | 00 | 02 
628 937 | 00 | | 08 | 
629 920 | 00 | | (09 | 


[भाग 1---खण्ड 3(ii)] 


भारत का राजपत्र : असाधारण 


47 


1 3 |. 4: | 5-11 # “| 
630 919 | 00 | 10 
631 4445 | 00 | 07 
632 916 | 00 | 07 
633 911 | 00 | 01 
634 898 | 00 | 13 
635 905 | 00 | 13 
636 | 906 | | 00 | 12 
637 908 | 00 | 14 
638 1086 | 00 | 16 
639 1096 | 00 | 10 
640 334 | 00 | 17 
641 335 | 00 | 18 
642 332 | 00 | 11 
643 337 | 00 | 24 
644 339 | 00 | | 08 | 
645 340 | 00 | 07 
646 353 | 00 | | 06 | 
647 354 | 00 | | _09 | 
648 357 | 00 | 11 
649 358 | 00 | 05 
650 356 | 00 | 05 
651 87 | 00 | 04 
652 85 | 00 | 02 
653 71 | 00 | | 08 
654 76 | 00 | 15 
655 78 | 00 | | 09 | 
656 79 | 00 | 04 
657 | _ 8४8४0 [| | 00 | 02 
658 52 | 00 | 16 
659 51 | 00 | 07 
| 660 | 50 | 00 | 07 
661 4440 | 00 | 17 
662 48 | 00 | 02 
663 56 | 00 | 35 
664 7 | 00 | 20 
665 | lo | 00 | 11 
| 666 | sa | 00 | 03 
667 | 6 | | 00 | 05 
668 8. Bhimavaram-115 Badangi 97/11 | 00 | 0905 
| 669 | 97/10 | oo | 02 
670 97/9 | 00 | 03 
671 | 96s | 00 | 03 
672 95/21 | 00 | 12 
673 95/20 | 00 | | 06 | 
674 95/19 | 00 | | 06 | 
675 95/16 | 00 | | 06 | 
676 95/15 | 00 | 05 
677 95/14 | 00 | | 06 | 
678 95/9 | 00 | 05 
679 95/8 | 00 | 05 
680 95/7 | 00 | 05 


48 


THE GAZETTE OF INDIA : EXTRAORDINARY 


[PART II—SEC. 3(11)] 


1 2 3 |__4 | 5 | 6 | 
681 95/1 | 00 | 04 
682 94/27 | 00 | 02 
683 94/23 | 00 | 01 
684 94/21 | 00 | 10 
665 94/22 | 00 | 03 
686 94/20 | 00 | 15 
687 94/2 | 00 | | 08 
688 94/19 | 00 | 04 
689 94/5 | 00 | 03 
| 690 | 94/6 | 00 | 11 
691 93 | 00 | | 06 | 
692 92/9 | 00 | 15 
693 92/10 | 00 | 02 
694 92/7 | 00 | 01 
695 92/8 | 00 | 15 
| 696 | 83/19 | 00 | | 08 | 
697 83/16 | 00 | | 08 | 
698 83/15 | 00 | 07 
| 699 | 83/14 | 00 | 04 
700 83/13 | 00 | 04 
701 83/12 | 00 | 05 
702 83/11 | 00 | 05 
703 80/31 | 00 | | 08 | 
704 80/29 | 00 | 07 
705 80/28 | 00 | 11 
706 80/27 | 00 | 02 
707 81/10 | 00 | 04 
708 81/3 | 00 | 07 
709 81/4 | 00 | 26 
710 78 | 00 | 05 
711 77/6 | 00 | 03 
712 77/7 | 00 | 21 
713 77/3 | 00 | 02 
714 77/2 | 00 | | _ 09 | 
715 T7MN5 | 00 | 03 
716 77/1 | 00 | 12 
717 72/10 | 00 | | 08 | 
718 72/11 | 00 | | 06 | 
719 72/9 | 00 | 12 
720 72/6 | 00 | 15 
721 72/5 | 00 | 02 
722 72/4 | 00 | 30 
723 72/1 | 00 | | 09 
724 71/31 | 00 | 17 
725 71/32 | 00 | 02 
726 71/33 | 00 | 01 
727 71/29 | 00 | 02 
728 71/30 | 00 | 05 
729 71/28 | 00 | is 08 | 
730 71/27 | oo | 05 
731 71/26 | 00 | 03 


[भाग 1---खण्ड 3(ii)] 


भारत का राजपत्र : असाधारण 


49 


1 2 3 | 4 [5 | 6 | 
732 71/24 | 00 | 11 
733 71/25 | 00 | 02 
734 71/22 | 00 | 02 
735 71/23 | 00 | | 06 | 
736 71/16 | 00 | 05 
737 71/15 | 00 | | 08 
738 71/7 | 00 | 11 
739 71/6 | 00 | 03 
740 71/4 | 00 | 16 
741 9. Janardhanarangarayapuram-1 14 Bobbili 907 | 00 | 11 
742 904 | 00 | 07 
743 901 | 00 | 14 
744 | _900" [| | 00 | 11 
745 482 | 00 | 05 
746 474 | 00 | 10 
747 510 | 00 | 04 
748 511 | 00 | 05 
749 512 | 00 | 04 
750 519 | 00 | | 08 
751 513 | 00 | | 06 | 
752 518 | 00 | 04 
753 516 | 00 | 03 
754 517 | 00 | 05 
755 527 | 00 | 03 
756 528 | 00 | 04 
757 534 | 00 | 03 
758 533 | 00 | 10 
759 532 | 00 | 02 
760 436 | 00 | 55 
761 270 | 00 | 11 
762 269 | 00 | 05 
763 271 | 00 | | 06 | 
764 272 | oo | 07 
765 273 | 00 | 13 
766 236 | 00 | 07 
767 234 | 00 | 04 
768 235 | 00 | 10 
769 230 | 00 | | 09 | 
770 228 | 00 | | 06 | 
771 229 | 00 | 10 
772 319 | 00 | 01 
773 317 | 00 | 10 
774 318 | 00 | 14 
775 316 | 00 | 05 
776 315 | 00 | 02 
777 328 | 00 | 16 
778 341 | 00 | 04 
779 340 | 00 | | 08 | 
780 338 | 00 | 07 
781 337 | 00 | | 06 | 
782 336 | 00 | 07 


50 


THE GAZETTE OF INDIA : EXTRAORDINARY 


[PART II—SEC. 3(11)] 


1 2 3 a | 5 | 6 | 
783 351 | 00 | 07 
784 352 | 00 | 19 
785 353 | 00 | 02 
786 360 | 00 | 10 
787 361 | 00 | 03 
788 363 | 00 | | 08 
789 365 | 00 | 13 
790 371 | 00 | 24 
791 370 | 00 | 11 
792 369 | 00 | 02 
793 10. Palteru-126 Badangi 5/3 | 00 || 16 
794 5/2 | 00 | 10 
795 5/1 | 00 | 13 
796 5/5 | 00 | 02 
797 11, Alajangi-113 Bobbili 143/6 | 00 । 04 
798 143/8 | oo | | 08 | 
799 143/9 | 00 | 05 
800 143/10 | 00 | 12 
801 143/14 | 00 | 15 
802 143/1 | 00 | 16 
803 142/9 | 00 | 14 
804 142/13 | 00 | 15 
805 142/10 | 00 | 02 
806 142/11 | 00 | 03 
807 142/12 | 00 | 04 
808 142/19 | 00 | 02 
809 141/7 | 00 | 10 
810 141/8 | 00 | 02 
811 141/9 | 00 | 12 
812 141/21 | 00 | 12 
813 141/23 | 00 | 02 
814 141/22 | oo | 04 
815 141/20 | 00 | 05 
816 141/19 | 00 | | 06 | 
817 141/18 | 00 | | 08 | 
816 138/5 | 00 | 02 
819 137/1 | 00 | 03 
820 137/9 | oo | 05 
821 138/1 | 00 | 02 
822 137/11 | oo | | 09 | 
823 137/12 | 00 | 14 
824 137/13 | 00 | za 
825 137/4 | 00 | 16 
826 135/27 | 00 | | 09 | 
827 133/2 | 00 | 10 
828 133/5 | 00 | 01 
829 134/2 | 00 | 03 
830 134/3 | 00 | 13 
831 134/5 | 00 | 02 
832 134/4 | 00 | | 09 | 
833 134/7 | 00 | | 099 | 


[भाग ave 3(ii)] 


भारत का राजपत्र : असाधारण 


51 


1 3 |__4 | 5 | 6 | 
834 134/8 | 00 | 04 
835 124/29 | 00 | | _09 | 
836 125/24 | 00 | 02 
837 125/23 | 00 | | 08 | 
838 125/22 | 00 | 04 
839 125/21 | 00 | 02 
840 125/17 | 00 | 04 
841 125/16 | 00 | 03 
842 125/18 | 00 | 02 
843 125/15 | 00 | 04 
844 125/14 | 00 | 03 
845 125/8 | 00 | 02 
846 125/3 | 00 | | 08 | 
847 125/1 | 00 | 01 
848 125/4 | 00 | | 06 | 
849 125/5 | 00 | 04 
850 125/6 | 00 | 02 
851 119/19 | 00 | 05 
852 119/20 | 00 | 05 
853 119/21 | oo | 04 
854 119/22 | 00 | 03 
855 119/17 | 00 | 04 
856 119/25 | 00 | 05 
857 119/24 | 00 | 02 
858 119/26 | 00 | 03 
859 99/9 | 00 | | 08 | 
860 99/7 | 00 | | 06 | 
861 99/8 | 00 | | 06 | 
862 99/5 | 00 | 12 
863 101/15 | 00 | 04 
864 101/16 | 00 | | 06 | 
865 101/19 | 00 | | 08 
866 101/17 | 00 | 02 
867 101/18 | 00 | 02 
868 102/1 | 00 | 07 
869 102/3 | 00 | 12 
870 102/2 | 00 | 01 
871 103/4 | 00 | 29 
872 103/11 | 00 | 02 
873 103/15 | 00 | 01 
874 103/17 | 00 | 13 
875 84/3 | 00 | 02 
876 84/1 | 00 | 04 
877 82/11 | 00 | 16 
878 83/10 | 00 | 11 
879 83/11 | 00 | 03 
880 83/12 | 00 | 02 
881 83/9 | 00 | 16 
882 79/4 | 00 | 23 
883 79/2 | 00 | 02 
884 79/3 | 00 | | 09 | 


52 


THE GAZETTE OF INDIA : EXTRAORDINARY 


[PART II—SEC. 3(i1)] 


1 2 3 a | 5 | 6 | 
885 80/7 | 00 | 04 
886 78/3 | 00 | | 06 | 
887 78/2 | 00 | 11 
888 78/15 | 00 | 02 
889 78/16 | 00 | | 06 | 
890 78/1 | 00 | 03 
891 25/15 | 00 | | 09 | 
892 25/9 | 00 | 02 
893 25/14 | 00 | a= 09 | 
894 25/13 | 00 | | 09 
895 25/12 | 00 | 02 
896 41/6 | 00 | 01 
897 41/5 | 00 | 02 
898 41/4 | 00 | | 09 | 
899 41/3 | 00 | 03 
| 900 | 41/1 | 00 | 04 
901 41/2 | oo | | 06 | 
902 40/14 | 00 | | _09 | 
903 40/15 | 00 | | 09 | 
904 40/9 | oo | 02 
905 43/11 | oo | 05 
| 906 | 43/10 | 00 | 12 
907 43/9 | 00 | 14 
908 43/4 | 00 | | 08 | 
| 909 | 43/6 | 00 | | 08 | 
910 43/5 | 00 | 07 
911 43/7 | 00 | 07 
912 45/1 | 00 | 02 
913 37/13 | 00 | 13 
914 37/12 | 00 | 02 
915 46/5 | 00 | 02 
916 46/3 | 00 | 02 
917 46/4 | oo | | 09 | 
918 46/1 | 00 | 04 
919 46/6 | 00 | 05 
920 46/7 | 00 | 02 
921 47 | 00 | 54 
922 46/8 | 00 | 02 
923 49/2 | oo | 02 
924 | 8 [| | 00 | 05 
925 7 | 00 | 35 
926 | 6 i | 00 | 24 
927 266/2 | 00 | | 08 | 
928 266/1 | 00 | 19 
929 12. Yembannavalasa-112 Bobbili 377 | 00 | 03 
930 373 | 00 | 02 
931 375 | 00 | 30 
932 376 | 00 | 02 
933 369 | 00 | 21 
934 366 | 00 | 25 
935 367 | 00 | 02 


[भाग ए---खण्ड 3(ii)] भारत का राजपत्र : असाधारण 53 


1 2 3 ee ee ee ee | 
936 364 | oo | 15 
937 362 | 00 | 03 
938 363 | oo | 14 
939 361 | 00 | 0 | 
940 357 | oo | 15 
941 356 | 00 | 03 
942 355 | 00 | 02 
943 384 | oo | 34 
944 596 | 00 | 05 
945 595 | oo | 1 
946 591 | oo | 21 
947 592 | oo | 10 
948 585 | oo | 02 
949 584 | oo | 42 
950 578 | oo | 19 
951 670 | oo | 08 | 
952 671 | oo | 13 
953 672 | 00 | 08 | 
954 674 | oo | 15 
955 673 | 00 | 03 
956 570 | oo | 13 
957 569 | oo | 15 
958 680 | 00 | 03 
959 681 | oo | 14 
| 960 | 568 | 00 | 099 | 
961 692 | oo | 12 
962 565 | oo | 02 
963 693 | 00 | 09 | 
964 694 | oo | il 
965 | 6599_|[_ 00 | 12 
| 966 | 698 | oo | 16 
967 714 | oo | 02 
968 716 | oo | 08 | 
| 969 | 715 | oo | 14 
970 717 | oo | 17 
971 726 | oo | 02 
972 718 | 00 | 16 
973 719 | oo | 21 
974 720 | oo | 02 


[F. No. R-11025(11)/12/2018-OR-I/E-25587] 
SHASHI SHEKHAR SINGH, Under Secy. 


Uploaded by Dte. of Printing at Government of India Press, Ring Road, Mayapuri, New Delhi-110064 
and Published by the Controller of Publications, Delhi-110054. Stivastava = 


