रजिस्ट्री सं. डी.एल.- 33004/99 REGD. No. 0. L.-33004/99 


Vita & राजपत्र 
Che Gazette of Jndia 


सी.जी.-डी.एल.-अ.-17082024-256447 
CG-DL-E-17082024-256447 


असाधारण 
EXTRAORDINARY 


भाग प---खण्ड 3--उप-खण्ड (ii) 
PART II—Section 3—Sub-section (ii) 
प्राधिकार से प्रकाशित 
PUBLISHED BY AUTHORITY 


a. 3170] नई दिल्ली, बुधवार, अगस्त 14, 2024/श्रावण 23, 1946 
No. 3170] NEW DELHI, WEDNESDAY, AUGUST 14, 2024/SHRAVANA 23, 1946 


पेट्रोलियम और प्राकृतिक गैस मंत्रालय 
अधिसूचना 
नई दिल्‍ली, 12 अगस्त, 2024 


का.आ. 3486(अ).--केंद्रीय सरकार के लोकहित में यह आवश्यक प्रतीत होता है कि झारखण्ड राज्य में नैचुरल 
गैस परिवहन के लिए इंडियन ऑयल कॉर्पोरेशन लिमिटेड के द्वारा हजारीबाग - रांची पाईपलाइन बिछाई जानी चाहिए। 


और केन्द्रीय सरकार को ऐसी पाइपलाइन बिछाने के प्रयोजन के लिए यह आवश्यक प्रतीत होता है ऐसी भूमि में जो इससे 
उपाबद्ध अनुसूची मे वर्णित है और जिसमें उक्त पाइपलाइन बिछाए जाने का प्रस्ताव है, उपयोग के अधिकार का अर्जन 
किया जाए। 

अतः अब, केन्द्रीय सरकार, पेट्रोलियम और खनिज पाइपलाइंस (भूमि में उपयोग के अधिकार का अर्जन) 
अधिनियम, 1962 (1962 का 50) की धारा 3 की उपधारा (1) द्वारा प्रदत्त शक्तियों का प्रयोग करते हुए , उस भूमि के 
उपयोग के अधिकार का अर्जन करने के अपने आशय की घोषणा करती है। 

कोई व्यक्ति, जो उक्त अनुसूची में वर्णित भूमि में हितबद्ध है, उस तारिख से जिसको इस अधिसूचना से युक्त 
भारत के राजपत्र की प्रतियाँ साधारण जनता को उपलब्ध करा दी जाती है , इक्कीस दिन के भीतर भूमि के नीचे 
पाइपलाइन बिछाए जाने के लिए उसमें उपयोग के अधिकार के अर्जन के सम्बन्ध में श्री राजेश डुंगडुंग , सक्षम प्राधिकारी , 
इंडियन ऑयल कार्पोरेशन लिमिटेड,हजारीबाग -रांची नैचुरल गँस ( एनजी ) पाइपलाइनपरियोजना , इंदु संकर भवन , 
हाउस नंबर - 1020, मंदिर मार्ग , अशोक नगर , रांची - 834002, झारखण्ड को लिखित रूप में आक्षेप भेज सकेगा। 


5220 GI/2024 (1) 


THE GAZETTE OF INDIA : EXTRAORDINARY 


[PART II—SEC. 3(ii)] 


अनुसूची 
अंचल-बरकागांव ज़िला- हज़ारीबाग़ राज्य -झारखंड 
मौजा/थाना सं. सर्वे-प्लॉट-सं सब-डिव-सं. ik 
हेक्टर आरे वर्ग-मीटर 
= ae 2 3 4 | 5 | | 6 
तलसवार 179 | 00 | 00 | 03 
थाना नं.-105 159 | 00 02 27 
158 | 00 05 12 
157 | 00 05 25 
154 | 00 02 | 86 
151 | 00 05 21 
148 | 00 01 91 
146 | 00 _|ऋ 11 | 60 | 
363 | 00 | | 00 | 58 
434 | 00 | 20 67 
435 | 00 02 01 
145 = _|ऋ 02 07 
नयाटांड़ 1310 | 00 02 | _ 09 | 
थाना नं.-118 1268 | 00 | 07 जि रोड 
1261 | 00 02 | og 
1259 = _|ऋ 05 02 
1258 | 00 02 | 9 | 
1257 | 00 | 00 | | ०७6 | 
1256 | 00 03 77 
1244 lL 00 | 01 41 
1242 | 00 | 06 53 
1241 | 00 02 56 
1237 | 00 05 12 
1238 00 |ऋ | 00 | 01 
1236 | 00 | 03 95 
1216 | 00 04 21 
1217 | 00 03 02 
1225 | 00 | 00 | 70 
1224 | 00 | 06 | 63 
1223 | 00 02 24 
1222 | 00 | 00 | 88 
1227 | 00 02 75 


[भागता---खण्ड 3(ii)] 


भारत का राजपत्र : असाधारण 


अनुसूची 
अंचल-बरकागांव ज़िला- हज़ारीबाग़ राज्य -झारखंड 
मौजा/थाना सं. सर्वे-प्लॉट-सं सब-डिव-सं. हेक्टर nid ae 
= ae 2 3 4 | 5 | | 6 
1320 | 00 | 00 | | eg 
| 90 | | 00 02 28 
961 | 00 07 | og 
963 | 00 | 00 | 17 
930 | 00 01 47 
957 | 00 | 00 | 59 
956 | 00 | 00 | 34 
955 | 0 _|ऋ 04 58 
952 | 00 | 05 88 
| 906 | | 00 | | 06 | 75 
905 | 00 | 00 | 10 
907 = _|ऋ 05 82 
898 | 00 | 00 | 73 
897 | 00 | 05 93 
896 | 00 | 00 | 05 
895 = _|ऋ 05 | 08 | 
893 | 00 18 33 
892 | 00 | 00 | 78 
894 | 00 01 39 
890 lL 00 | | 00 | 91 
872 | 00 03 | 8४ |! 
873 | 00 03 79 
851 | 00 | 00 | 55 
850 | 00 _|ऋ 10 63 
836 | 00 | | 00 | | 8 
837 | 00 04 10 
834 | 00 | 00 | 49 
514 | 00 | 00 | 72 
513 | 00 07 51 
512 | 00 02 38 
511 | 00 | 00 | 97 
510 | 00 01 56 


THE GAZETTE OF INDIA : EXTRAORDINARY 


[PART II—SEC. 3(ii)] 


अनुसूची 
अंचल-बरकागांव ज़िला- हज़ारीबाग़ राज्य -झारखंड 
मौजा/थाना सं. सर्वे-प्लॉट-सं सब-डिव-सं. हेक्टर nid ae ख 
= -.॥ 2 3 4 | 5 | | 6 !'!' 
482 | 00 02 74 
507 | 00 01 72 
506 | 00 01 56 
503 | 00 01 03 
500 | 00 01 83 
501 | 00 | 00 | 26 
495 | 00 02 62 
490 | 0 _|ऋ 04 91 
चोपदारबलीया 215 | 00 | 01 28 
थाना नं.-117 216 | 00 | 01 04 
218 | 00 01 20 
219 = _|ऋ 01 48 
220 | 00 01 22 
221 | 00 | 01 35 
239 | 00 01 37 
241 | 00 _|ऋ 02 01 
242 | 00 03 16 
243 | 00 01 04 
244 | 00 01 95 
247 lL 00 | 02 36 
248 | 00 01 | 00 
171 | 00 | 00 | 30 
132 | 00 03 67 
130 | 00 _|ऋ 04 | 9 | 
125 | 00 | 01 24 
107 | 00 01 20 
121 | 00 02 18 
110 | 00 01 07 
111 | 00 | 00 | | gg 
116 | 00 02 52 
गोसाइबलीया 525 | 00 01 67 
थाना नं.-116 548 | 00 01 04 


[भागता---खण्ड 3(ii)] 


भारत का राजपत्र : असाधारण 


अनुसूची 
अंचल-बरकागांव ज़िला- हज़ारीबाग़ राज्य -झारखंड 
मौजा/थाना सं. सर्वे-प्लॉट-सं सब-डिव-सं. हेक्टर nid ae 
= -.॥ 2 3 4 | 5 | | 6 !'!' 
549 | 00 02 | ek 
551 | 00 01 16 
552 | 00 01 22 
556 | 00 01 19 
562 | 00 01 27 
564 | 00 01 01 
566 | 00 02 12 
568 | 0 __|ऋ 01 28 
571 | 00 | 14 50 
488 | 00 | 01 40 
487 | 00 | 00 | | _ 8 |! 
480 = _|ऋ 01 01 
479 | 00 | 00 | 91 
478 | 00 | | 00 | 93 
475 | 00 01 20 
474 = _|ऋ | 00 | 92 
473 | 00 | 00 | 77 
472 | 00 | 00 | | 8४ |! 
470 | 00 02 35 
468 | 00 | 01 03 
467 | 00 01 13 
466 | 00 02 03 
465 | 00 01 67 
464 00 | 01 91 
463 | 00 | 01 fog 
462 | 00 01 50 
461 | 00 | 00 | 45 
खराटी 244 | 00 | 00 | 44 
थाना नं.-115 245 | 00 01 47 
251 | 00 02 15 
252 | 00 01 07 
255 | 00 01 15 


THE GAZETTE OF INDIA : EXTRAORDINARY 


[PART II—SEC. 3(ii)] 


अनुसूची 
अंचल-बरकागांव ज़िला- हज़ारीबाग़ राज्य -झारखंड 
है sine ; क्षेत्रफल 
; -प्लॉट- -डिव-सं. 
मौजा/थाना सं सर्वे-प्लॉट-सं सब-डिव-सं हेक्टर आरे वर्ग-मीटर 
= -.॥ 2 3 4 | 5 | | 6 |! 
262 | 00 01 11 
270 | 00 01 10 
271 | 00 01 | 00s 
272 | 00 01 27 
274 | 00 01 19 
282 | 00 01 62 
288 | 00 01 28 
289 | 0 _|ऋ 01 77 
299 | 00% | | 00 | 61 
298 | 00 | | 00 _|। 22 
309 | 00 | 00 | 83 
310 = _|ऋ 01 | ०७6 [| 
३17 | 00 01 81 
320 | 00 | 01 24 
321 | 00 01 43 
322 a _|ऋ 01 41 
323 |. 0०% | 01 ०७ | 
३24 |. % | | १० | |. 90 | 
326 00 | 04 8 
333 00 | 01 76 
338 00 02 25 
346 00 01 79 
355 00 01 22 
354 00 01 61 
358 आओ | 00 | |. 99 | 
361 00 01 01 
363 00 02 24 
364 00 | 01 56 


[भागता---खण्ड 3(ii)] 


भारत का राजपत्र : असाधारण 


अनुसूची 
अंचल-बरकागांव ज़िला- हज़ारीबाग़ राज्य -झारखंड 
मौजा/थाना सं. सर्वे-प्लॉट-सं सब-डिव-सं. हेक्टर nid amass 
= ae 2 3 4 | 5 | जि ्रोडो 
374 |. 0०% | 01 27 
३79 | % | 03 15 
390 | 0०% | 02 93 
391 | 00 02 38 
393 | 00 05 84 
403 | 00 | 00 | 62 
422 | 00 | 09 | 52 
428 | 00 | 09 | | _ 08 | 
430 | 00 | 00 | 05 
427 | 00 | 05 28 
439 | 00 01 24 
440 | 00 01 03 
441 | 00 02 | ea 
442 | 00 02 83 
443 | 00 05 77 
477 06: | | 00 | 43 
519 | 00 | 00 | 82 
518 | 00 — | | 00 | 01 
520 | 00 | 06 | 94 
नापोकला 1035 | 00 | os | 12 
थाना नं.-114 1034 | 00 05 | 06 
1033 | 00 04 16 
1038 | 00 | 00 | 79 
1037 | 00 07 75 
1039 | oo | 04 73 
1115 | 00 | 00 | 52 
1103 | 0 _|ऋ 01 24 
1102 | 00 03 38 
1101 | 00 02 71 
1100 | 00 10 84 
1092 | 00 04 18 


THE GAZETTE OF INDIA : EXTRAORDINARY 


[PART II—SEC. 3(ii)] 


अनुसूची 
अंचल-बरकागांव ज़िला- हज़ारीबाग़ राज्य -झारखंड 
मौजा/थाना सं. सर्वे-प्लॉट-सं सब-डिव-सं. हेक्टर nid =e वर 
= ae 2 3 4 | 5 | fe 
1091 | 00 02 15 
1087 | 00 01 88 
1086 | 00 | 065 | 19 
1063 | 00 04 | 6 
1064 | 00 03 81 
1065 | 00 01 11 
1061 | 00 04 07 
1059 | 0 _|ऋ | 00 | 10 
1060 | 00 | 03 52 
1058 | 00 | | 00 _|। 23 
नापोखुर्द 1728 | 00 02 67 
थाना नं.-107 1730 = _|ऋ 02 19 
1731 | 00 | 00 | 93 
1734 | 00 | 03 07 
1723 | 00 | 00 | 67 
1720 = __|ऋ 04 38 
1705 | 00 01 74 
1706 | 00 | 00 | 74 
1707 | 00 | 00 | | & |! 
1711 | 00 | | 00 | 20 
1701 | 00 01 41 
1702 | 00 | 00 | | 08 | 
1700 | 00 02 | 00 | 
1699 | 00 _|ऋ 03 82 
1698 | 00 | | 00 | 42 
1697 | 00 01 88 
1696 | 00 | 00 | 46 
1695 | 00 | 00 | 61 
1694 | 00 02 41 
1618 | 00 | 00 | 57 
1619 | 00 01 | 06 
1648 | 00 01 20 


[भागता---खण्ड 3(ii)] 


भारत का राजपत्र : असाधारण 


अनुसूची 
अंचल-बरकागांव ज़िला- हज़ारीबाग़ राज्य -झारखंड 
मौजा/थाना सं. सर्वे-प्लॉट-सं सब-डिव-सं. हेक्टर nid nse 
== ae 2 3 4 | 5 | | 6 |! 
1649 | oo | | 00 | 42 
1620 | 00 01 23 
1631 | 00 01 | 66 | 
1632 | 00 _|ऋ | 00 | 73 
1639 | 00 | 00 | 83 
1640 | 00 01 | og 
1647 | 00 01 85 
1658 | 00 02 | _ 09 [| 
1657 | 00 01 | eg 
2614 | 00 | 00 | | 06 
1660 | 00 03 57 
1663 | 0_|ऋ | 00 | 54 
1668 | 00 02 | ea 
1669 | 00 | 02 25 
1675 | 00 01 | oa 
1674 | 00 01 | og 
597 | 00 01 63 
598 00: | 01 93 
599 | 00 01 56 
| 600 | 0 — | 02 41 
584 | 00 03 45 
585 | 00 | 00 | | 6865 |! 
583 | 00 01 | _ 66 | 
582 | 00 | 00 | 01 
2328 | 00 | 00 | 03 
560 | 00 02 31 
2598 | 00 02 49 
559 | 00 | 00 | 28 
558 | oo | | oo | 21 
556 | 00 | 00 | 33 
545 | 00 02 56 
546 | 00 _|ऋ | 00 | 44 


10 


THE GAZETTE OF INDIA : EXTRAORDINARY 


[PART II—SEC. 3(ii)] 


अनुसूची 
अंचल-बरकागांव ज़िला- हज़ारीबाग़ राज्य -झारखंड 
मौजा/थाना सं. सर्वे-प्लॉट-सं सब-डिव-सं. हेक्टर nid ae ख 
= -.॥ 2 3 4 | 5 | | 6 !'!' 
553 | 00 04 42 
551 | 00 01 34 
511 | 00 02 | 69 [!'। 
512 | 00 02 73 
513 | 00 01 | 9४ |! 
514 | 00 02 10 
515 | 00 | 00 | | og 
484 | 0 _|ऋ 03 | 9 | 
486 | 00 | 01 35 
485 | 00 | 03 07 
460 | 00 01 02 
461 = _|ऋ 01 01 
457 | 00 | 00 | | 8 |! 
462 | 00 | 03 95 
453 | 00 03 64 
2595 = _|ऋ 01 62 
452 | 00 | 00 | 67 
451 | 00 01 07 
448 | 00 | 00 | | 8g 
447 lL 00 | 02 82 
446 | 00 03 33 
438 | 00 03 32 
439 | 00 | 00 | 01 
बरवनीया 115 | 00 _|ऋ | 06 | 83 
थाना नं.-108 123 | 00 | 02 26 
122 | 00 03 36 
563 | 00 | 00 | 53 
562 | 00 02 50 
561 | 00 02 | a 
560 | 00 02 | 06 
559 | 00 01 | 08 | 
558 | 00 01 05 


[भागता---खण्ड 3(ii)] 


भारत का राजपत्र : असाधारण 


11 


अनुसूची 
अंचल-बरकागांव ज़िला- हज़ारीबाग़ राज्य -झारखंड 
मौजा/थाना सं. सर्वे-प्लॉट-सं सब-डिव-सं. हेक्टर nid ae 
= ae 2 3 4 | 5 | | 6 |! 
555 | 00 01 32 
540 | 00 01 32 
553 | 00 01 23 
552 | 00 | 00 | 27 
551 | 00 02 36 
550 | 00 01 | gg 
549 | 00 01 73 
501 | 0 _|ऋ 04 56 
500 | 00 | 02 15 
499 | 00 | 01 11 
498 | 00 01 23 
497 = _|ऋ 01 67 
496 | 00 | 00 | 11 
488 | 00 | | 00 | | _ ०७6 [| 
489 | 00 01 जि रोड 
487 = _|ऋ 02 31 
486 | 00 04 43 
466 | 00 01 22 
464 | 00 01 14 
461 lL 00 | 01 15 
453 | 00 01 61 
454 | 00 01 27 
455 | 00 01 50 
447 00 | 03 31 
444 | 00 | | 00 | 36 
443 | 00 02 25 
442 | 00 04 61 
440 | 00 04 50 
439 | 00 02 45 
435 | 00 | 00 | 93 
434 | 00 | 06 03 
433 | 00 04 40 


12 THE GAZETTE OF INDIA : EXTRAORDINARY [PART II—SEC. 3(ii)] 


अनुसूची 
अंचल-बरकागांव ज़िला- हज़ारीबाग़ राज्य -झारखंड 
मौजा/थाना सं. सर्वे-प्लॉट-सं सब-डिव-सं. हेक्टर nid ae 
= ae 2 3 4 | 5 | | 6 
432 | 00 01 32 
973 | 00 | 00 | 54 
1060 | 00 28 97 
405 | 00 02 29 
1066 | 00 21 54 
1067 | 00 41 36 
1079 | 00 53 37 
1077 Il. 00 _|ऋ 43 23 
1118 | 00 | 14 32 
लुरुंगा 154 | 00 | 18 70 
थाना नं.-150 155 | 00 31 27 
156 = _|ऋ 01 21 
157 | 00 | 00 | 32 
158 | 00 | 03 61 
159 | 00 07 32 
160 = _|ऋ 07 40 
161 | 00 | 00 | 45 
163 | 00 01 64 
162 | 00 | 00 | 53 
170 lL 00 | 02 88 
329 | 00 01 49 
168 | 00 | 00 | 92 
171 | 00 | 00 | 27 
178 | 00 _|ऋ 13 14 
177 | 00 | 11 64 
186 | 00 11 29 
192 | 00 | 00 | 03 
193 | 00 05 63 
201 | 00 02 53 
200 | 00 01 42 
203 | 00 07 24 
204 | 00 01 49 


[भागता---खण्ड 3(ii)] 


भारत का राजपत्र : असाधारण 


13 


अनुसूची 
अंचल-बरकागांव ज़िला- हज़ारीबाग़ राज्य -झारखंड 
मौजा/थाना सं. सर्वे-प्लॉट-सं सब-डिव-सं. हेक्टर nid =e वर 
= -.॥ 2 3 4 | 5 | | 6 |]! 
231 | 00 | 00 | 07 
233 | 00 | 00 | 12 
208 | 00 01 58 
209 | 00 02 74 
210 | 00 02 20 
124 | 00 03 24 
122 | 00 04 82 
121 | 0 _|ऋ 01 24 
120 | 00 | 02 92 
117 | 00 | 03 58 
118 | 00 | 00 | 40 
656 = _|ऋ 02 53 
657 | 00 | 00 | 64 
655 | 00 | 02 87 
659 | 00 01 21 
| 660 | = _|ऋ 03 33 
654 | 00 01 72 
767 | 00 | 06 | 33 
781 | 00 11 38 
769 | 00 | 03 46 
771 | 00 | 09 | 18 
774 | 00 04 23 
775 | 00 01 18 
765 | 00 |ऋ | 00 | 35 
763 | 00 | 03 29 
780 | 00 | 00 | 39 
782 | 00 | 00 | 22 
784 | 00 | 00 | 62 
787 | 00 | 00 | 62 
369 | 00 03 62 
897 | 00 56 40 
889 | 00 | 00 | 03 


14 THE GAZETTE OF INDIA : EXTRAORDINARY [PART II—SEC. 3(ii)] 


अनुसूची 
अंचल-बरकागांव ज़िला- हज़ारीबाग़ राज्य -झारखंड 
मौजा/थाना सं. सर्वे-प्लॉट-सं सब-डिव-सं. — ini जहर 
का कान 2 3 4 | 5 | | 6 !'!' 
888 | 00 01 59 
891 | 00 | 00 | 91 
| 900 | | 00 23 54 
898 | 00 22 48 
अंचल- डाड़ी ज़िला- हज़ारीबाग़ राज्य -झारखंड 
मौजा/थाना सं. सर्वे-प्लॉट-सं सब-डिव-सं. क्षेत्रफल 
हेक्टर आरे वर्ग-मीटर 
a 2 3 4 | 5 | | 6 ]!'!' 
कुरा 401 | 00%] | 09 | 84 
थाना नं.-30 402 | 0 | | 00 | 43 
404 | 00 | 00 | 19 
405 | oo | 02 | 8 
428 | 00 05 35 
रिकवा 1 | 00 04 | 685 |! 
थाना नं.-31 2 | 00 01 70 
3 | 00 88 71 
22 | 00 01 01 
19 | 00 | 00 | 14 
20 | 00 03 75 
26 | 00 | 09 | | _ 66 | 
28 | 00 04 63 
डाड़ी 1 | 00 27 14 
थाना नं.-43 | og | 00 _|ऋ | 00 | 01 
| a | 00%. | 04 02 
[= 36. = | 00 | 00 | | _ 9४ |! 
3 | 00 01 जि रोड 
12 | 00 | 01 | eo 
14 | 00 | 00 | 01 
19 a oe 01 35 
18 | 00 | 00 | | ४5 |! 


[भाग I-—ave 3(ii)] 


भारत का राजपत्र : असाधारण 


15 


अनुसूची 
अंचल- डाड़ी ज़िला- हज़ारीबाग़ राज्य -झारखंड 
मौजा/थाना सं. सर्वे-प्लॉट-सं सब-डिव-सं. क्षेत्रफल 
हेक्टर आरे वर्ग-मीटर 
a cn 2 3 4 | 5 | | oe 
20 | 00 07 42 
22 | 00 15 19 
27 | 00 29 58 
56 | 00 _|ऋ | 00 | 12 
57 | 00 | 00 | 72 
| 60 | 00 38 47 
108 | 00 05 | 90 
112 | 00 01 24 
111 | 00 | 00 | 23 
109 | 00 | 02 23 
104 |. 00 | 00 | 03 
102 | 00 04 45 
103 | 00 | 00 | 63 
101 | 00 01 83 
| 96 | 00 02 70 
100 | 00 | 00 | 59 
| 99 | 00 01 28 
जि: रोड | 00 02 42 
97 | 00 01 82 
144 | 00 | 00 | 42 
143 | 00 03 79 
145 | 00 40 34 
142 | 00 | 00 | 77 
141 | 00 02 | 60 | 
139 | oo | | oo | a ee 
157 | 00 01 93 
156 | 00 03 35 
154 | 00 05 81 
167 0a | | 00 | 74 
169 | 00 | 00 | 32 
175 | 00 07 03 
170 | 00 05 42 


16 


THE GAZETTE OF INDIA : EXTRAORDINARY 


[PART II—SEC. 3(ii)] 


अनुसूची 
अंचल- डाड़ी ज़िला- हज़ारीबाग़ राज्य -झारखंड 
मौजा/थाना सं. सर्वे-प्लॉट-सं सब-डिव-सं. क्षेत्रफल 
हेक्टर आरे वर्ग-मीटर 
a co 2 3 4 | 5 | | oe 
171 | 00 | 00 | 01 
172 | 00 | 00 | 93 
173 | 00 | 00 | 64 
174 ae 01 17 
1188 | 00 | 085 | 77 
1189 | 00 | 00 | 73 
1187 | 00 15 14 
1190 | 00 | 086 | 17 
1191 | 00 | 00 | 51 
1192 | 00 | | oo | 41 
1194 | 00 | 00 | 85 
1195 | 00 | 00 | 36 
1164 | 00 | 00 | 02 
1165 | 00% _|ऋ | 09 | 58 
1168 | 00 | 00 | 01 
1166 | 00 | 00 | 82 
1167 | 00 | 00 | 54 
1152 | 00 | 00 | 62 
1155 | 00 01 | og 
1156 | 00 03 01 
1154 | 00 02 जि: फ्रोड 
1146 | 00 03 34 
1147 | 00 01 93 
1134 | 00 04 91 
1138 | oo | 02 | रोड 
1136 | 00 04 27 
1050 — a 01 18 
1005 | 00 03 42 
1003 0a | 03 58 
1002 | 00 02 24 
1000 | 00 02 37 
997 | 00 02 33 


[भाग I-—ave 3(ii)] 


भारत का राजपत्र : असाधारण 


17 


अनुसूची 
अंचल- डाड़ी ज़िला- हज़ारीबाग़ राज्य -झारखंड 
मौजा/थाना सं. सर्वे-प्लॉट-सं सब-डिव-सं. क्षेत्रफल 
हेक्टर आरे वर्ग-मीटर 
a on 2 3 4 | 5 | | oe 
983 | 00 01 84 
| 996 | | 00 01 46 
995 | 00 | 00 | | 8४ |! 
994 ae 02 | 80 
993 | 00 | 00 | 88 
992 | 00 01 05 
761 | 00 03 79 
762 | 00 | 00 | 30 
760 | 00 | 00 | | 66 |! 
758 | 00 | | 00 | 64 
759 | 00 | 00 | 01 
754 | 00 02 54 
753 | 00 02 07 
769 | 00 02 83 
770 | 00 03 41 
773 | 00 02 26 
775 | 00 03 38 
776 | 00 | 00 | 91 
777 | 00 | 00 | 73 
| 600 | | 00 01 56 
601 | 00 05 27 
602 | 00 | 00 | 27 
598 | 00 05 | 6k 
599 | 00 | 00 | 53 
787 | oo | 31 39 
788 | 00 | 00 | 14 
789 | 00 | 00 | 22 
790 | 00 04 जि रोड 
494 | 00 | 04 | _ ०७6 [| 
455 | 00 04 18 
456 | 00 04 70 
454 | 00 24 10 


18 


THE GAZETTE OF INDIA : EXTRAORDINARY 


[PART II—SEC. 3(ii)] 


अनुसूची 
अंचल- डाड़ी ज़िला- हज़ारीबाग़ राज्य -झारखंड 
मौजा/थाना सं. सर्वे-प्लॉट-सं सब-डिव-सं. क्षेत्रफल 
ret आरे वर्ग-मीटर 
| 1 | 2 3 4 | 5 | | 6 !'!' 
453 | 00 03 12 
452 | 00 04 97 
451 | 00 03 48 
450 | 0 _|ऋ 01 17 
448 | 00 | 00 | 40 
313 | 00 01 95 
कनकी 1352 | 00 02 05 
थाना नं.-47 1348 = _|ऋ 03 81 
1340 | 00 | 08 | 11 
1341 | oo | | oo | 57 
1343 | 00 | 00 | 74 
1344 | 00 05 | og 
1349 | 00 _|ऋ 03 40 
1351 | 00%. | 01 30 
होसिर 703 | 00 07 77 
थाना नं.-47 701 | 00 01 91 
702 | 00 01 91 
602 | 00 | | 00 | 11 
601 |. 00 02 78 
704 | 00 01 | ea 
| 600 | 00 05 94 
813 | 00 01 45 
715 | 00 03 67 
714 | 00 01 10 
712 | oo | 01 83 
707 | 00 03 38 
710 | 00 02 43 
708 | 00 | 00 | 71 
709 0a | | 00 | | 8४ |! 
1306 | 00 03 58 
1319 | 00 03 62 
1318 | 00 | 00 | | og 


[भाग 1---खण्ड 3(ii)] भारत का राजपत्र : असाधारण 19 


अनुसूची 
अंचल- डाड़ी ज़िला- हज़ारीबाग़ राज्य -झारखंड 
मौजा/थाना सं. सर्वे-प्लॉट-सं सब-डिव-सं. क्षेत्रफल 
हेक्टर आरे वर्ग-मीटर 
a on 2 3 4 | 5 | | 6 |! 
1320 | 00 07 33 
1323 | 00 02 72 
1324 | 00 03 54 
1325 | 00 _|ऋ 04 87 
1316 | 00 05 37 
1426 | 00 10 19 
1428 | 00 12 88 
1283 | 00 07 जि: रोड 
1280 | 00 02 34 
1440 | 00 | | 66 | 13 
1273 |. 00 03 34 
1272 | 00 | 00 | 47 
1228 | 00 13 47 
1222 | 00 01 65 
1219 | 00 03 82 
1218 | 00 | 00 | 04 
1204 | 00 03 | eg 
1217 | 00 | 00 | 79 
1212 | 00 | 00 | 04 
1215 | 00 02 | 96 
1544 | 00 11 59 
नापो 465 | 00 22 25 
थाना नं.-42 464 | 00 02 42 
463 | 00 05 37 
458 | oo | 03 13 
461 | 00 01 | og 
460 | 00 | 00 | 91 
453 | 00 12 16 
454 | 00 | | 00 | 97 
467 | 00 04 | 00 
448 | 00 14 23 
474 | 00 | 09 | | eg 


20 THE GAZETTE OF INDIA : EXTRAORDINARY [PART II—SEC. 3(ii)] 


अनुसूची 
अंचल- डाड़ी ज़िला- हज़ारीबाग़ राज्य -झारखंड 
मौजा/थाना सं. सर्वे-प्लॉट-सं सब-डिव-सं. क्षेत्रफठ 
हेक्टर आरे वर्ग-मीटर 
a ae 2 3 4 | 5 | | 6 |]! 
475 | 00 02 58 
447 | 00 | 00 | 45 
477 | 00 04 07 
480 | 00 04 | 9 |! 
479 | 00 07 | ४ |! 
478 | 00 04 | gg 
हेसालोंग 1806 | 00 04 61 
थाना नं.-41 1808 | 00 03 59 
1807 | 00 | 00 | | 8४ |! 
1801 | 00 | 07 75 
1602 | 00 12 | 00 
1588 | 00 01 56 
1570 | 00 | 08 39 
1573 | 00 02 | 60 
1578 | 00 | 09 | | _ 66 | 
1577 | 00 07 76 
1692 | 00 04 91 
1702 | 00 | 00 | 74 
1704 | 00 | 00 | 40 
| ० ० ०“ “  +&+&+»+ अनुूची . ७ खा 
अंचल-मांडू ज़िला- रामगढ़ राज्य -झारखंड 
मौजा/थानासं. सर्वे-प्लॉट-सं | सब-डिव-सं. क्षेत्रफल 
हेक्टर आरे वर्ग-मीटर 

1 2 3 | 4 | | 5 | | 6 | 
छोटका चुम्बा 192 | 0 | 1 | ४ 
थाना नं. -134 193 | 00 | 02 19 
194 | 00 | 01 03 
195 | 00 | 05 67 
228 | 00 | | 00 | 76 
229 | 00 | 02 49 
237 | 00 | 25 12 
233 | 00 | | 00 | | 69 | 


[भाग 1--खण्ड 301)] 


भारत का राजपत्र : असाधारण 


21 


अनुसूची 
अंचल-मांडू ज़िला- रामगढ़ राज्य -झारखंड 
मौजा/थानासं. सर्वे-प्लॉट-सं | सब-डिव-सं. क्षेत्रफल 
हेक्टर आरे वर्ग-मीटर 

1 2 3 | 4 | | 5 | | 6 |'| 
234 | 00 | | 00 | 56 
245 | 00 | | 00 | 50 
246 | 00 | | 00 | 07 
244 | 00 | 02 83 
242 | 00 | | 00 | 18 
243 | 00 | 01 57 
240 | 00 01 45 
280 | 00 11 48 
274 | 00 07 97 
275 | 00 | 04 27 
276 | 00 | 00 | 27 
270 | 00 | 00 | 19 
272 | 00 | 07 62 
266 | 00 | 01 20 
265 | 00 | 01 11 
620 | 00 | 01 23 
601 | 00 | 03 19 
602 | 00 | 03 21 
| 60 | | 00 | 03 83 
604 | 00 | | 00 | 78 
605 | 00 | | 00 | | 0०6 | 
607 | 00 | 07 37 
| 609 | | 00 | 02 13 
610 | 00 | | 00 | | 06 | 
599 | 00 | | 00 | 73 
597 | 00 01 61 
594 | 00 03 63 
591 | 00 01 91 
590 | 00 07 | gg 
588 | 00 01 53 
576 | 00 | 04 92 


THE GAZETTE OF INDIA : EXTRAORDINARY [PART II—SEC. 3(ii)] 


अनुसूची 
अंचल-मांडू ज़िला- रामगढ़ राज्य -झारखंड 
मौजा/थानासं. सर्वे-प्लॉट-सं | सब-डिव-सं. क्षेत्ररठ 
हेक्टर आरे वर्ग-मीटर 
1 2 3 | 4 | | 5 | | 6 | 
577 | 00 05 15 
578 | 00 01 73 
557 | 00 01 95 
556 | 00 01 18 
555 | 00 | 00 | 14 
554 | 00 | 02 18 
553 | 00 | | 0 | | ५४ | 
535 | 00 | | 00 | 10 
534 | 00 | 03 64 
533 | 00 | | 00 | 53 
532 | 00 01 go 
531 | 00 | 00 | 84 
530 | 00 | 14 29 
528 | 00 | 11 12 
मंझला चुम्बा 493 | 00 | 03 76 
थाना नं.-133 492 | 00 | 05 25 
491 | 00 | 01 33 
490 | 00 | 04 29 
522 | 00 | 03 07 
526 | 00 | 16 47 
533 | 00 | | 00 | 63 
552 | 00 | 01 43 
541 | 00 | | 09 | 25 
542 | 00 | | 00 | 01 
543 | 00 | 01 | 96 
544 | 00 05 73 
बडका चुम्बा 1438 | 00 | 04 20 
थाना नं.-132 1436 | 00 | 05 70 
1440 | 00 | | 00 | 25 
1441 | 00 | 02 03 
1430 | 00 | | 00 | | 0०४6 | 


[भाग 1--खण्ड 301)] 


भारत का राजपत्र : असाधारण 


23 


अनुसूची 
अंचल-मांडू ज़िला- रामगढ़ राज्य -झारखंड 
मौजा/थानासं. सर्वे-प्लॉट-सं | सब-डिव-सं. क्षेत्रफल 
हेक्टर आरे वर्ग-मीटर 

1 2 3 | 4 | | 5 | | 6 | 
1429 | 00 | 01 30 
1433 | 00 | 04 30 
1410 | 00 | | 00 | | 98 
1402 | 00 | 00 | 75 
1324 | 00 | 03 41 
1323 | 00 | 04 65 
1327 | 00 | 02 77 
1328 | 00 03 63 
1330 | 00 | | 00 | | 80 | 
1382 | 00 | | 00 | 76 
1350 | 00 04 97 
1349 | 00 01 47 
1351 | 00 | 01 77 
1365 | 00 01 74 
1364 | 00 | 07 54 
1367 | 00 | | 00 | 50 
1372 | 00 | | 00 | 79 
1471 | 00 | 01 72 
2345 | 00 | | 00 | 41 
1534 | 00 | | 00 | 02 
1541 | 00 | 02 92 
1542 | 00 | 13 17 
1540 | 00 | 01 29 
1575 | 00 | | 00 | 29 
1576 | 00 | 07 30 
1577 | 00 | 09 | 97 
1598 | 00 | 46 37 
1579 | 00 01 | 60 | 
1582 | 00 | 16 59 
1634 | 00 | 15 | 80 | 
1635 | 00 | 02 73 


24 THE GAZETTE OF INDIA : EXTRAORDINARY [PART II—SEC. 3(ii)] 


अनुसूची 
अंचल-मांडू ज़िला- रामगढ़ राज्य -झारखंड 
मौजा/थानासं. सर्वे-प्लॉट-सं | सब-डिव-सं. क्षेत्ररठ 
हेक्टर आरे वर्ग-मीटर 
1 2 3 | 4 | | 5 | | 6 |' 
बुमरी 908 | 00 | 02 67 
थाना नं.-131 334 | 00 | | 00 | 87 
335 | 00 | 12 67 
336 | 00 | 02 10 
337 | 00 | 01 34 
कंजगी 1 किमी 01 47 
थाना नं.-141 
55 | 00 | | 00 | 26 
41 | 00 | | 00 | 46 
54 | 00 | 02 45 
53 | 00 | 04 56 
51 | 00 04 44 
49 | 00 | 03 | रोड 
48 | 00 | | 00 | 02 
47 | 00 | | 00 | 28 
158 | 00 | 01 77 
157 | 00 | 01 28 
159 a 01 | 06 
155 | 00 | 00 | 59 
156 | 00 | 04 58 
162 | 00 | 02 11 
303 | 00 | | 08 | 14 
146 | 00 01 65 
304 | 00 02 61 
302 | 00 01 40 
651 | 00 01 | 99s 
298 | 00 | 00 | 22 
299 | 00 | 02 23 
658 |. 00 | 04 46 
659 | 00 | | 00 | 16 
663 | 00 | | 00 | 57 


[भाग 1--खण्ड 301)] 


भारत का राजपत्र : असाधारण 


25 


अनुसूची 
अंचल-मांडू ज़िला- रामगढ़ राज्य -झारखंड 
मौजा/थानासं. सर्वे-प्लॉट-सं | सब-डिव-सं. क्षेत्र 
SEL आरे वर्ग-मीटर 

1 2 3 | 4 | | 5 | | 6 | 
| 660 | | 00 | 03 | 69 |' 
685 | 00 | 04 28 
684 | 00 | 01 61 
680 | 00 | 01 75 
681 | 00 | | 00 | 04 
679 | 00 | 05 48 
674 | 00 | 02 10 
720 | 00 05 83 
718 | 00 | 01 17 
716 | 00 | 01 82 
717 | 00 07 67 
714 | 00 | 00 | 13 
775 | 00 | 01 46 
713 | 00 | 05 30 
776 | 00 | 03 63 
773 | 00 | 04 | 66 | 
770 | 00 | | 00 | 81 
772 |. ५०% | | १ | 41 
771 | ५०% | 04 75 
796 00 02 88 
792 |. ५0% | 05 |. 9० | 
795 |. ५0% | 05 10 
794 |. ५0% | 03 |. ४ | 
790 |. ५०% | | १ | 51 
791 00 00 6 
788 00 | % | 74 
914 | 00 | | 00 | | 958 | 
915 | 00 | 01 | 8 
916 | 00 | | 00 | 77 


THE GAZETTE OF INDIA : EXTRAORDINARY [PART II—SEC. 3(ii)] 


अनुसूची 
अंचल-मांडू ज़िला- रामगढ़ राज्य -झारखंड 
मौजा/थानासं. सर्वे-प्लॉट-सं | सब-डिव-सं. क्षेत्रफल 
हेक्टर आरे वर्ग-मीटर 
1 2 3 | 4 | | 5 | | 6 |' 
924 | 00 | | 00 | 83 
930 | 00 | | 00 | 01 
929 | 00 | | 00 | 74 
1030 | 00 | 16 50 
927 | 00 | 10 43 
1031 | 00 | 03 64 
1009 | 00 | | 08 | 40 
फुलसराय 1806 | 00 | 11 10 
थाना नं.-142 1753 | 00 | 03 | 80s 
1764 | 00 | | 00 | 13 
1763 | 00 03 54 
1761 | 00 | 00 | 92 
1762 | 00 | | 00 | 01 
1760 | 00 | 01 18 
1758 | 00 | | 08 | 20 
1757 | 00 | | 00 | 51 
1759 | 00 | 13 73 
1686 | 00 07 | ge 
1688 | 00 | 0 | 47 
1671 | 00 | 35 15 
1678 | 00 | 01 जि: रोड 
1674 | 00 | 02 26 
1190 | 00 | 02 64 
1188 | 00 | 13 14 
1182 | 00 | | 00 | 58 
1178 | 00 04 41 
1176 | 00 | | 00 | 13 
1175 | 00 | 07 81 
1174 | 00 | 01 43 
मनुवा 539 | 00 | 03 03 
थाना नं.-139 544 | 00 | 01 81 


[भाग 1--खण्ड 301)] 


भारत का राजपत्र : असाधारण 


27 


अनुसूची 
अंचल-मांडू ज़िला- रामगढ़ राज्य -झारखंड 
मौजा/थानासं. सर्वे-प्लॉट-सं | सब-डिव-सं. क्षेत्रफल 
हेक्टर आरे वर्ग-मीटर 

1 2 3 | 4 | | 5 | | 6 | 
549 | 00 | | 08 | 57 
548 | 00 | 00 | 83 
505 | 00 | | 00 | 02 
504 | 00 | | 00 | 31 
503 | 00 | 07 18 
500 | 00 | 04 76 
499 | 00 | 04 29 
498 | 00 | 03 11 
586 | 00 | 05 65 
585 | 00 | | 00 | 12 
584 | 00 | oo | 17 
579 | 00 | 00 | 01 
587 | 00 | 03 22 
577 | 00 | | 08 | 50 
869 | 00 | 03 75 
867 | 00 | 03 03 
1008 | 00 | 27 56 
1030 | 00 02 25 
1009 | 00 03 63 
1014 | 00 05 47 
1023 | 00 02 | 66 
1024 | 00 04 01 
1025 | 00 01 84 
1026 | 00 | 00 | | 98 
1027 | 00 01 78 
1029 | 00 | 09 | 23 
1028 | 00 | | 00 | 70 
1033 | 00 | | 00 | | 66 | 
1031 | 00 | 07 05 
987 | 00 | | 00 | 30 
1129 | 00 | | 00 | 04 


28 


THE GAZETTE OF INDIA : EXTRAORDINARY 


[PART II—SEC. 3(ii)] 


अनुसूची 
अंचल-मांडू ज़िला- रामगढ़ राज्य -झारखंड 
मौजा/थानासं. सर्वे-प्लॉट-सं | सब-डिव-सं. क्षेत्ररठ 
हेक्टर आरे वर्ग-मीटर 

1 2 3 |. 4 | | 5 | | 6 |' 

985 | 00 | 07 07 

1133 | 00 10 83 

1132 | 00 | 00 | 04 

1136 | 00 | 03 81 

1131 | 00 | 02 93 

1130 | 00 | 07 75 

1128 | 00 | 03 | 98 

1127 | 00 | 04 75 

1126 | 00 | 02 12 

1125 | 00 | | 00 | | 6s 

1116 | 00 03 31 

1175 | 00 15 07 

1176 | 00 | 00 | 17 

1173 | 00 | | 00 | 13 

1177 | 00 | 03 84 

1178 | 00 | 01 55 

1200 | 00 | 03 15 

1201 | 00 | 07 85 

1202 | 00 | | 00 | | 60 | 

1204 | 00 | 03 73 

े््ण्णिःष़्््म्ि 
अंचल-पतरातू ज़िला- रामगढ़ राज्य -झारखंड 
मौजा/थानासं. सर्वे-प्लॉटसस.. | सब-डिव-सं. AHS 
हेक्टर आरे वर्ग-मीटर 

1 2 3 | 4 | | 5 | | 6 |; 
पोचरा 2 | 00 | 08 | 02 
थानानं.-80 178 | 00 | 28 | 98 | 
111 | 00 | | 0० | 25 
110 | 00 | 01 | 9g 


[भाग I-—ave 3(ii)] 


भारत का राजपत्र : असाधारण 


29 


अनुसूची 
अंचल-पतरातू ज़िला- रामगढ़ राज्य -झारखंड 
मौजा/थानासं. सर्वे-प्लॉट-सं | सब-डिव-सं. क्षेत्रफल 
हेक्टर आरे वर्ग-मीटर 

1 2 3 |. 4 | | 5 | | 6 | 
115 | 00 | 03 19 
114 | 00 | | 00 | 67 
125 | 00 | | 09 | 29 
126 | 00 = |] 02 54 
124 | 00 | | 00 | 59 
121 | “00 - | 10 49 
122 oe {| 01 27 
91 | 00 05 63 
| 90 | oo | | 00 > 31 
88 | 00 | | 00 | 26 
| 8 | | 00 | 02 88 
55 | 00 | | 0० | 84 
87 | 00 01 04 
56 | 00 | 01 36 
57 | 00 | 05 | & | 
61 | 00 02 37 
59 | 00 02 18 
| 668 | | 00 | | 0० | 72 
39 | 00 | 34 29 
25 | 00 | | 00 | 01 
27 | 00 | | 00 | | 98 | 
29 1-00: - || 03 28 
31 | 00 | 02 50 
28 | oo | | oo | 31 
34 | 00 12 | 86 
35 | 00 01 14 
36 | 00 | 03 16 
355 | 00 | 01 33 
358 | 00 | | 00 | 59 
357 | 00 | 04 95 
392 | 00 | 01 88 
393 | 00 | 00 | 42 


30 THE GAZETTE OF INDIA : EXTRAORDINARY [PART II—SEC. 3(ii)] 


अनुसूची 
अंचल-पतरातू ज़िला- रामगढ़ राज्य -झारखंड 
मौजा/थानासं. सर्वे-प्लॉट-सं | सब-डिव-सं. क्षेत्रफल 
हेक्टर आरे वर्ग-मीटर 

1 2 3 | 4 | | 5 | | 6 |; 
416 | 00 | 02 34 
418 | 00 | 01 19 
417 | 00 | 02 52 
419 | 00 | | 00 | | 69 | 
423 | 00 | 03 59 
424 | 00 | | 00 | 83 
431 orl 01 28 
432 | 00 | oo | | & | 
433 | oo | | 09 | | 96 
880 | 00 | 03 55 
885 | 00 | 02 62 
884 | 00 | 02 35 
911 ॥ 00 03 17 
913 | 00 | 07 63 
914 | 00 | | 00 | 79 
915 | 00 | | 00 | 93 
916 | 00 | | 00 | 38 
917 | 00 | 01 37 
919 | 00 | | 00 | 48 
918 | 00 | 01 | 68 | 
926 | 00 | 01 36 
927 1-00: - || | 00 | 03 
925 | 00 | | 00 | 10 
928 | oo | | 00 =| 54 
933 | 00 | 02 49 
932 | 00 | 04 | 60 | 
934 | 00 | 01 56 
941 | 00 | 03 32 
942 | 00 | | 00 | 03 
938 | 00 | | 00 | 13 
940 | 00 | oo | 46 
936 | 00 01 24 


[भाग I-—ave 3(ii)] 


भारत का राजपत्र : असाधारण 


31 


अनुसूची 
अंचल-पतरातू ज़िला- रामगढ़ राज्य -झारखंड 
मौजा/थानासं. सर्वे-प्लॉटःसं. | सब-डिव-सं. क्षेत्रफल 
हेक्टर आरे वर्ग-मीटर 
1 2 3 |. 4 | | 5 | | 6 | 
| 96 | | 00 | 02 22 
967 | 00 | 04 59 
971 | 00 | | 00 | 54 
970 | 00 | | 00 | 55 
979 | 00 | 01 13 
980 | 00 02 | 6 | 
1003 Poe {| 04 71 
1010 | 00 05 | 99 
1011 | oo | 02 72 
1001 | 00 01 21 
1000 | 00 | 05 | 69 | 
1042 | 00 | 02 32 
1044 | 00 01 | 68 | 
1051 | 00 - | 02 30 
1041 | 00 | 01 15 
1052 | 00 02 | 89 
1053 | 00 | 01 03 
1059 | 00 | 05 91 
1060 | 00 | 01 25 
1062 | 00 | 01 92 
1063 | 00 | 02 38 
1064 1-00: - || 04 64 
1065 | 00 | 03 62 
1260 | oo | 01 29 
छोटकाकाना 1268 | 00 | 07 12 
थानान॑.-79 1269 | oo | os | 48 
1270 | 00 02 16 
1274 | 00 | | 00 | 36 
1279 | 00 | | 00 62 
1280 | 00 | 03 38 
1278 | 00 | | 00 | 92 
1277 | 00 | 01 84 


32 


THE GAZETTE OF INDIA : EXTRAORDINARY 


[PART II—SEC. 3(ii)] 


अनुसूची 
अंचल-पतरातू ज़िला- रामगढ़ राज्य -झारखंड 
मौजा/थानासं. सर्वे-प्लॉटःस.. | सब-डिव-सं. क्षेत्रफल 
हेक्टर आरे वर्ग-मीटर 
1 2 3 |. 4 | | 5 | | 6 |; 
1276 | 00 | | 00 | 14 
1307 | 00 | | 08 | 11 
1309 | 00 | 00 + | 74 
1311 | 00 = || 41 92 
219 | 00 | 01 37 
बरकाकाना 805 | 00 | 02 16 
थानानं.-145 804 | 00 | 03 04 
803 | 00 | | 00 | 02 
815 | oo | | 00 | | 06 | 
808 | 00 | 01 37 
807 | 00 — || 01 53 
806 | 00 | 02 12 
456 | 00 02 36 
बुजुर्ग जमीरा 458 | oo | 02 58 
थाना नं.-81 459 | oo | oo | 23 
451 | 00 03 19 
449 | 00 02 54 
443 | 00 | 01 | 69 | 
445 | 00 | 02 04 
437 | 00 | 03 78 
436 | 00 | 01 82 
431 1-00: - || 01 85 
429 | 00 | 04 |. 8 | 
423 | oo | 03 | 80 | 
421 | 00 | 03 40 
408 | 00 | 03 46 
407 | 00 | 05 45 
398 | 00 | 04 94 
397 | 00 | 01 70 
396 | 00 | 01 51 
393 | 00 | 07 33 
380 | 00 | | 00 | 58 


[भाग I-—ave 3(ii)] 


भारत का राजपत्र : असाधारण 


33 


अनुसूची 
अंचल-पतरातू ज़िला- रामगढ़ राज्य -झारखंड 
मौजा/थानासं. सर्वे-प्लॉट-सं | सब-डिव-सं. क्षेत्रफल 
हेक्टर आरे वर्ग-मीटर 

1 2 3 |. 4 | | 5 | | 6 | 
378 | 00 | 01 72 
377 | 00 | | 09 | 67 
325 | 00 | 01 85 
364 | 00 | | 00 | 01 
361 | 00 | 03 78 
360 | 00 | 02 23 
355 Poe {| 03 72 
831 | 00 01 53 
832 | oo | 02 97 
850 | 00 05 | & | 
849 | 00 | 02 | 8 | 
840 | 00 | | 00 | 65 
848 | 00 01 46 
841 | 00 | | 00 | 46 
847 | 00 | | 0 | 64 
846 | 00 | oo | 24 
876 | 00 | 01 46 
874 | 00 | 01 45 
873 | 00 | 05 13 
872 | 00 | | 00 | 71 
1062 | 00 | | 00 | | 68 | 
1078 1-00: - || 02 62 
1344 | 00 | 01 30 
1343 | oo | 04 52 
1342 | 00 05 38 
1341 | 00 | 0० | 48 
1340 | 00 | 15 32 
1355 | 00 | | 00 | 91 
1356 | 00 | | 00 | 18 
1363 | 00 | 07 25 
1358 | 00 . | | 00 | 01 
1362 | 00 | 04 38 


34 


THE GAZETTE OF INDIA : EXTRAORDINARY 


[PART II—SEC. 3(ii)] 


अनुसूची 
अंचल-पतरातू ज़िला- रामगढ़ राज्य -झारखंड 
मौजा/थानासं. सर्वे-प्लॉट-सं | सब-डिव-सं. क्षेत्रफल 
हेक्टर आरे वर्ग-मीटर 

1 2 3 | 4 | | 5 | | 6 | 
1361 | 00 | 03 21 
1360 | 00 | | 00 | 12 
1463 | 00 | 02 35 
1421 | 00 | 02 67 
1462 | 00 | 03 92 
1461 | 00 | 05 71 
1423 orl | 00 - | 01 
1424 | 00 05 | 6 | 
1449 | oo | | 00 > 45 
1448 | 00 | 04 23 
1446 | 00 | | 00 | 57 
1426 | 00 | 04 49 
1429 ॥ 00 05 जि 
1430 | 00 | | ee a 97 
1431 | 00 | | 00 | 67 
1437 | 00 | 05 | 68 | 
1436 | 00 | 05 17 
1810 | 00 02 13 
1750 | 00 | oo | | & | 
1746 | 00 | | 08 | 47 
1744 | 00 | 02 37 
1726 1-00: - || | 0 | 88 
1724 | 00 | 03 81 
1723 | oo | 01 25 
1719 | 00 13 63 
1722 | 00 | 08 | 15 
1714 | 00 | | 00 | 53 
1713 | 00 | | 00 | | 68 | 
1712 | 00 | | 00 | 32 
1710 | 00 | 05 29 
1709 | 00 | | 00 | 03 
1700 | 00 | 12 40 


[भाग ए--खण्ड 3(ii)] 


भारत का राजपत्र : असाधारण 


35 


अनुसूची 
अंचल-पतरातू ज़िला- रामगढ़ राज्य -झारखंड 
मौजा/थानासं. सर्वे-प्लॉटःस. | सब-डिव-सं. AAR 
हेक्टर आरे वर्ग-मीटर 
1 2 3 | 4 | | 5 | | 6 | 
1703 | 00 | 03 82 
1811 | 00 | | 09 | 35 
1697 | 00 | | 00 | 63 
1698 | 00 | 05 | & | 
1699 | 00 | | 00 | | 6 | 
1666 | 00 | 23 48 
| . ८' 
अंचल-रामगढ़सदर ज़िला- रामगढ़ राज्य -झारखंड 
मौजा/थानासं. सर्वे-प्लॉट-सं सब-डिव-सं. क्षेत्रफठ 
हेक्टर आरे वर्ग-मीटर 
1 2 3 | 4 | | 5 | | 6 | 
हेसला 850 | 00 | 07 33 
थाना नं. -138 849 | 00 | | 00 | 76 
851 | 00 | 01 17 
863 | 00 | 10 56 
877 | 00 _॥ 01 07 
867 | 00 | 07 | 69 
866 | 00 | 04 78 
893 | 00 | 22 44 
894 | 00 | 04 | 09 | 
| 900 | | 00 | 01 | 08 | 
899 | 00 | 01 | 98 | 
901 | 00 | | oo | 83 
673 | 00 | 04 14 
902 | 00 | 07 | 8 |! 
मर्रामकला 1036 | 00 | 33 78 
थाना नं. -91 1032 | 00 | | 00 | | 06 | 
1031 | 00 | 12 71 
1030 | 00 | | 0०0 | 67 
1029 | 00 | 10 88 
1 | 00 | 05 92 


36 THE GAZETTE OF INDIA : EXTRAORDINARY [PART II—SEC. 3(ii)] 


अनुसूची 
अंचल-रामगढ़सदर ज़िला- रामगढ़ राज्य -झारखंड 
मौजा/थानासं. सर्वे-प्लॉट-सं सब-डिव-सं. ARS 
हेक्टर आरे वर्ग-मीटर 

1 2 3 4 | 5 | | 6 | 
2 | 00 | 04 62 
3 | 00 | 05 12 
4 | 00 | 02 39 
5 | 00 | 18 20 
40 | 00 | 07 | 9४ | 
1012 | 00 | 05 | 69 | 
1013 | 00 | | 0० | 13 
1016 | 00 | 03 72 
1037 | 00 | 05 64 
1017 | 00 | 07 | 80 | 
1018 | 00 | 03 91 
1037 | 00 | 42 63 
1038 | 00 | | $& | 72 
1039 | 00 | | 00 | 67 
1154 | 00 | | 90 | 21 
1147 | 00 | 02 34 
1150 | 00 | | 0०0 | 18 
1151 | 00 | 03 | 09 | 
1065 | 00 | | 0०0 | 78 
1179 | 00 | 03 63 
1177 | १0 | नि) |. 26 | 
1181 | १0 | a 12 
1180 00 a 91 
1054 00 04 85 
881 00 11 54 
880 00 36 72 
700 | 00 | | 0० | 17 
| 69 | | 00 | 02 33 
701 | 00 | | 00 | 46 
702 | 00 | 04 21 


[भाग ए--खण्ड 3(ii)] 


भारत का राजपत्र : असाधारण 


उ7 


अनुसूची 
अंचल-रामगढ़सदर ज़िला- रामगढ़ राज्य -झारखंड 
मौजा/थानासं. सर्वे-प्लॉट-सं सब-डिव-सं. ARS 
EFEX आरे वर्ग-मीटर 
1 2 3 4 | 5 | | 6 | 
704 | 00 | | 0०0 | 14 
705 | 00 | 03 | 80 | 
706 | 00 | | 00 | 01 
709 | 00 | 05 02 
714 | 00 | 01 48 
713 | 00 | 03 93 
712 | 00 | | 00 | 33 
716 | 00 | 05 41 
717 | 00 | | 00 | 01 
813 | 00 | | 00 | 35 
814 | 00 | | 0०0 | 18 
रामगढ़ 1022 | 00 | 21 39 
थाना नं. -82 1021 | 00 | 02 04 
1023 | 00 | | 08 | 11 
1031 | 00 | | 00 | 64 
कांकेबार 469 | 00 | | 00 | | 9४6 | 
थाना नं. -97 468 | 00 | 01 | 90 | 
467 | 00 | 01 01 
471 | 00 | 02 35 
466 | 00 | 05 | 00 | 
498 | 00 | 10 19 
499 | 00 | 03 17 
316 | 00 | 07 46 
315 | 00 | 02 56 
614 | 00 | | 0०0 | 01 
314 | 00 | 02 55 
311 | 00 | | 00 | 18 
313 | 00 | | 00 | 10 
312 | 00 | | oo | 10 
319 | 00 | 03 00". 1. 
320 | 00 | | 00 | 02 
321 | 00 | 02 | 89 | 


38 THE GAZETTE OF INDIA : EXTRAORDINARY [PART II—SEC. 3(ii)] 


अनुसूची 
अंचल-रामगढ़सदर ज़िला- रामगढ़ राज्य -झारखंड 
मौजा/थानासं. सर्वे-प्लॉट-सं सब-डिव-सं. ARS 
हेक्टर आरे वर्ग-मीटर 
1 2 3 4 | 5 | | 6 | 
322 | 00 | 03 03 
323 | 00 | 03 14 
352 | 00 | 01 31 
351 | 00 | 04 | 89 | 
330 | 00 | 01 74 
331 | 00 | 07 34 
332 | 00 | | 0० | 53 
333 | 00 | 03 14 
334 | 00 | | 00 | 22 
335 | 00 | 02 77 
340 | 00 | 04 | 8 |! 
341 | 00 | | 00 | 81 
169 | 00 | 02 47 
168 | 00 | 02 88 
171 | 00 | 07 74 
174 | 00 | 01 | 9 | 
173 | 00 | 01 36 
144 | 00 | 04 95 
143 | 00 | 01 31 
146 | 00 | 01 18 
141 | 00 | 02 82 
525 | 00 | 02 21 
139 | 00 | | 00 | 02 
526 | 00 | 03 39 
137 | 00 | 03 22 
529 | 00 | 02 37 
528 | 00 | | oo | 49 
530 | 00 | 01 | 00 | 
531 | 00 | 04 94 
532 | 00 | | 00 | 01 
537 | 00 | | oo | 45 
546 | 00 | | 00 | 79 


[भाग ए--खण्ड 3(ii)] 


भारत का राजपत्र : असाधारण 


39 


अनुसूची 
अंचल-रामगढ़सदर ज़िला- रामगढ़ राज्य -झारखंड 
मौजा/थानासं. सर्वे-प्लॉट-सं सब-डिव-सं. क्षेत्रफल 
हेक्टर आरे वर्ग-मीटर 
1 2 3 4 | 5 | | 6 | 
535 | 00 | | 00 | 07 
536 | 00 | 01 67 
547 | 00 | 04 61 
548 | 00 | | oo | 38 
551 | 00 | | 00 | | 86 |! 
588 | 00 | 01 52 
589 | 00 | 02 01 
590 | 00 | 01 35 
594 | 00 | 03 59 
595 | 00 | 03 | 69 | 
596 | 00 | 01 18 
598 | 00 | | 00 | 31 
597 | 00 | | 0० | 75 
कोठार 467 | 00 | 01 34 
थाना नं. - 88 470 | 00 | 04 16 
468 | 00 | | 00 | 31 
469 | 00 | 01 83 
473 | 00 | 07 30 
474 | 00 | 01 01 
478 | 00 | | 0०0 | 13 
476 | 00 | | 00 | 07 
477 | 00 | 02 85 
479 | 00 | 03 50 
485 | 00 | | 00 | 04 
483 | 00 | | 00 | 52 
486 | 00 | | 00 | 01 
484 | 00 | 02 11 
503 | 00 | | oo | | 69 | 
504 | 00 | 01 | 06 | 
506 | 00 | 01 92 
508 | 00 | 01 13 
499 | 00 | 04 39 


THE GAZETTE OF INDIA : EXTRAORDINARY [PART II—SEC. 3(ii)] 


अनुसूची 
अंचल-रामगढ़सदर ज़िला- रामगढ़ राज्य -झारखंड 
मौजा/थानासं. सर्वे-प्लॉट-सं सब-डिव-सं. ARS 
हेक्टर आरे वर्ग-मीटर 
1 2 3 4 | 5 | | 6 | 
511 | 00 | 03 | 09 | 
513 | 00 | 10 52 
515 | 00 | 01 22 
517 | 00 | 10 | 8 |! 
523 | 00 | | 00 | 58 
519 | 00 | 03 57 
520 | 00 | | 0० | 71 
1856 | 00 | 01 49 
1857 | 00 | 04 14 
1858 | 00 | 05 82 
1863 | 00 | 01 31 
1871 | 00 | 01 12 
1861 | 00 | | 00 | 21 
1862 | 00 | | 00 | 77 
1872 | 00 | 02 | 8 |! 
1873 | 00 | | 00 | 73 
जरहाडीह 52 | 00 | 01 58 
थाना नं. - 90 51 | 00 | | 0० | 02 
| 66 | | 00 | 02 26 
| 66 | | 00 | 02 18 
72 | 00 | | 00 | | 8 | 
71 | 00 | 01 14 
73 | 00 | 03 63 
74 | 00 | 07 45 
103 | 00 | 05 47 
106 | 00 | | 00 | 49 
104 | 00 | 04 19 
101 | 00 | 03 36 
102 | 00 | | 00 | 05 
| 6 | 00 | 02 | 8 |! 
121 | 00 | 01 | 00 | 
119 | 00 | 01 26 


[भाग ए--खण्ड 3(ii)] 


भारत का राजपत्र : असाधारण 


41 


अनुसूची 
अंचल-रामगढ़सदर ज़िला- रामगढ़ राज्य -झारखंड 
मौजा/थानासं. सर्वे-प्लॉट-सं सब-डिव-सं. ARS 
हेक्टर आरे वर्ग-मीटर 

1 2 3 4 | 5 | | 6 | 
120 | 00 | | 00 | 73 

123 | 00 | 01 84 

124 | 00 | | 00 | 07 

125 | 00 | 02 97 

132 | 00 | | 00 | 52 

127 | 00 | 04 50 

129 | 00 | 05 20 

130 | 00 | 02 15 

393 | 00 | 04 40 

37 | 00 | 11 55 

394 | 00 | 03 07 

401 | 00 | 04 02 

402 | 00 | 04 | 90 | 

403 | 00 | 01 92 

404 | 00 | | 00 | 10 

405 | 00 | 02 | 09 | 

412 | 00 | 05 40 

417 | 00 | 04 39 

419 | 00 | 02 76 

421 | 00 | 03 44 

422 | 00 | 03 | 09 | 

423 | 00 | | 00 | | 66 | 

426 | 00 | 17 14 

424 | 00 | 04 02 

425 | 00 | | 00 | 04 

433 | 00 | | 0०0 | 03 

बुढ़ाखुखरा 1022 | 00 | 02 14 
थानानं.- 98 1 | 00 | 07 12 
53 | 00 | 01 59 

56 | 00 | 13 | 89 | 

63 | 00 | 03 27 

67 | 00 | 03 | 90 | 


42 THE GAZETTE OF INDIA : EXTRAORDINARY [PART II—SEC. 3(ii)] 


अनुसूची 
अंचल-रामगढ़सदर ज़िला- रामगढ़ राज्य -झारखंड 
मौजा/थानासं. सर्वे-प्लॉट-सं सब-डिव-सं. क्षेत्रफल 
हेक्टर आरे वर्ग-मीटर 
1 2 3 4 | 5 | | 6 | 
59 | 00 | | 08 | 39 
gg | 00 | 05 25 
100 | 00 | 01 44 
200 | 00 | 13 41 
180 | 00 | 07 11 
178 | 00 | | 00 | 48 
179 | 00 | 01 28 
182 | 00 | | 00 | 11 
190 | 00 | 03 97 
191 | 00 | | 0०0 | 83 
192 | 00 | 01 71 
193 | 00 | 05 | 98 | 
172 | 00 | 01 75 
171 | 00 | 05 34 
131 | 00 | | 00 | 59 
132 | 00 | | 0० | 46 
133 | 00 | | 00 | 14 
134 | 00 | 07 54 
135 | 00 | | 0०0 | | 06 | 
164 | 00 | 07 | 06 | 
163 | 00 | 01 57 
162 | 00 | 03 40 
गण्डके 1632 | 00 | 05 85 
थाना नं. - 99 1633 | 00 | | 00 | 01 
1634 | 00 | 02 | 086 | 
1635 | 00 | 01 63 
1636 | 00 | 01 40 
1637 | 00 | 02 | 9४6 | 
1638 | 00 | 05 91 
1640 | 00 | 03 30 
1626 | 00 | 02 22 
1625 | 00 | | 00 | 29 


[भाग ए--खण्ड 3(ii)] 


भारत का राजपत्र : असाधारण 


43 


अनुसूची 
अंचल-रामगढ़सदर ज़िला- रामगढ़ राज्य -झारखंड 
मौजा/थानासं. सर्वे-प्लॉट-सं सब-डिव-सं. ARS 
हेक्टर आरे वर्ग-मीटर 
1 2 3 4 | 5 | | 6 | 
1624 | 00 | 05 20 
707 | 00 | 03 97 
530 | 00 | 02 26 
528 | 00 | 04 | 60 | 
529 | 00 | 02 17 
546 | 00 | 07 14 
544 | 00 | | 08 | 33 
534 | 00 | | 00 | 01 
537 | 00 | 13 81 
543 | 00 | | 0०0 | 01 
538 | 00 | 01 07 
703 | 00 | 05 | 08 | 
695 | 00 | 10 | 9४ | 
694 | 00 | | 00 | 22 
| 6०% | | 00 | | 00 | 7 
697 | 00 | | 00 | 48 
770 | 00 | 02 20 
769 | 00 | | 00 | 03 
771 | 00 | 01 | 89 | 
773 | 00 | | 09 | 20 
685 | 00 | 02 84 
684 | 00 | 01 21 
683 | 00 | 01 75 
686 | 00 | 02 74 
681 | 00 | | 00 | 84 
680 | 00 | 01 41 
679 | 00 | 01 81 
677 | 00 | 05 76 
676 | 00 | | oo | 40 
931 | 00 | 01 50 
675 | 00 | | 00 | 04 
933 | 00 | | 00 | 01 


44 THE GAZETTE OF INDIA : EXTRAORDINARY [PART II—SEC. 3(ii)] 


अनुसूची 
अंचल-रामगढ़सदर ज़िला- रामगढ़ राज्य -झारखंड 
मौजा/थानासं. सर्वे-प्लॉट-सं सब-डिव-सं. ARS 
हेक्टर आरे वर्ग-मीटर 
1 2 3 4 | 5 | | 6 | 
934 | 00 | | 0० | | 9 | 
942 | 00 | 05 | 69 | 
948 | 00 | | 09 | 38 
955 | 00 | 03 92 
957 | 00 | 03 67 
959 | 00 | 02 70 
958 | 00 | | 00 | 48 
968 | 00 | 01 | 66 | 
967 | 00 | |_00 —_| 93 
971 | 00 | | 00 | 21 
970 | 00 | 03 | 8 | 
972 | 00 | | 0०0 | 01 
973 | 00 | 01 92 
974 | 00 | 01 29 
978 | 00 | | 0०0 | 19 
977 | 00 | 01 49 
976 | 00 | | 00 | | 89 | 
979 | 00 | 03 27 
980 | 00 | | 0०0 | 61 
1447 | 00 | | 0०0 | 39 
982 | 00 | 01 12 
981 | 00 | | 00 | 01 
983 | 00 | 05 19 
984 | 00 | 01 34 
985 | 00 | | 00 | 04 
986 | 00 | | 00 | 01 
1048 | 00 | 07 | 90 | 
1047 | 00 | | 00 | 01 
1046 | 00 | | 00 | 16 
994 | 00 | 05 67 
998 | 00 | 04 31 
995 | 00 | | 0० | | 60 | 


[भाग avs 3(ii)] 


भारत का राजपत्र : असाधारण 


45 


अनुसूची 
अंचल-रामगढ़सदर ज़िला- रामगढ़ राज्य -झारखंड 
मौजा/थानासं. सर्वे-प्लॉट-सं सब-डिव-सं. क्षेत्रफल 
हेक्टर आरे वर्ग-मीटर 
1 2 3 4 | 5 | | 6 | 
| 9७४७ | | 00 | | 00 | 11 
1390 | 00 | 03 50 
1391 | 00 | 05 28 
1431 | 00 | | 00 | 15 
1428 | 00 | | 00 | 24 
1392 | 00 | 07 01 
1393 | 00 | 01 95 
1422 | 00 | 01 | 69 | 
1421 | 00 | |_00 | 15 
1420 | 00 | 03 84 
1419 | 00 | 01 | 66 | 
1551 | 00 | 01 | 9 | 
1553 | 00 | 04 24 
1554 | 00 | | 09 | 52 
1560 | 00 | 04 30 
1562 | 00 | 01 76 
1556 | 00 | 05 | 60 | 
1566 | 00 | | 08 | | 90 | 
1568 | 00 | | 0०0 | 18 
लोलो 3105 | 00 | | 00 | 73 
थानानं.- 107 3106 | 00 | | 00 | 84 
3107 | 00 | | 0० | 03 
3111 | 00 | 01 22 
3119 | 00 | | 00 | 02 
3121 | 00 | 02 | 8 |! 
3120 | 00 | | 0०0 | 11 
3123 | 00 | | 00 | 18 
3122 | 00 | 04 32 
3201 | 00 | 01 97 
3136 | 00 | | 0०0 | 15 
3190 | 00 | 07 10 
3189 | 00 | 01 72 


THE GAZETTE OF INDIA : EXTRAORDINARY [PART II—SEC. 3(ii)] 


अनुसूची 

अंचल-रामगढ़सदर ज़िला- रामगढ़ राज्य -झारखंड 

मौजा/थानासं. सर्वे-प्लॉट-सं सब-डिव-सं. ARS 
हेक्टर आरे वर्ग-मीटर 

1 2 3 4 | 5 | | 6 | 

3188 | 00 | | 00 | 43 

3187 | 00 | 01 14 

3186 | 00 | | 00 | | 60 | 

3185 | 00 | 04 18 

3184 | 00 | | 00 | 31 

3183 | 00 | 01 15 

3163 | 00 | 05 59 

3169 | 00 | 01 19 

3168 | 00 | 03 |. 08 

3170 | 00 | 02 84 

|...  टय जुूम्ची  . ७  ख' 

अंचल-दुलमी ज़िला- रामगढ़ राज्य -झारखंड 

मौजा/थानासं. सर्वे-प्लॉट-ःसं | सब-डिव-सं. AAR 
हेक्टर आरे वर्ग-मीटर 

1 2 3 | 4 | | 5 | | 6 |' 

गोडातु 31 | 00 | 10 | & | 

थाना 4.-101 32 | 00 | 03 81 

102 | 00 | 03 36 

104 | 00 | | 00 | 29 

103 | 00 | 04 82 

101 | 00 | 02 54 

100 | 00 | 02 49 

[9 | | 00 | 02 | 60 | 

| 98 | | oo | 02 83 

177 | 00 | | 00 | | 60 | 

178 | 00 | | 00 | 05 

179 | 00 | | 00 | 02 

95 | 00 | | 08 | 04 

183 | 00 | 01 74 

181 | 00 | | 00 | 04 

184 | 00 | 03 30 


[भाग ए--खण्ड 3(ii)] 


भारत का राजपत्र : असाधारण 


47 


अनुसूची 
अंचल-दुलमी ज़िला- रामगढ़ राज्य -झारखंड 
मौजा/थानासं. सर्वे-प्लॉटःसं | सब-डिव-सं. क्षेत्रफठ 
हेक्टर आरे वर्ग-मीटर 

1 2 3 | 4 | | 5 |! | 6 | 
185 | 00 | 05 44 
186 | 00 | | 00 | 65 
190 | 00 | 01 74 
188 | 00 | | 00 | 82 
191 | 00 | 1०100 ै| 64 
189 | 00 | | 00 | 17 
192 | 00 | 03 95 
76 | 00 | | 00 | 11 
262 | oo | 03 43 
74 | 00 | 03 | 06 | 
73 | 00 | 02 12 
72 | 00 | | 00 | 19 
263 | 00 | 01 05 
264 | 00 | | 06 | 57 
265 | 00 | | 00 | 39 
267 | 00 | 04 58 
572 | 00 | | 00 | 62 
268 | 00 | | 00 | 29 
570 | 00 | 01 56 
569 | 00 | 02 14 
568 | 00 | 02 44 
567 | see = | 02 15 
566 | 00 | ॥ 206% .:| 84 
564 | 00 | 04 51 
571 | 00 | | 00 | 52 
534 | 00 | 02 05 
640 | 00 | 02 72 
638 = | 02 70 
639 | 00 | 01 71 
637 | 00 | 01 03 
667 | 00 | 02 77 
| 609 | | 00 | 03 05 


48 


THE GAZETTE OF INDIA : EXTRAORDINARY 


[PART II—SEC. 3(ii)] 


अनुसूची 
अंचल-दुलमी ज़िला- रामगढ़ राज्य -झारखंड 
मौजा/थानासं. सर्वे-प्लॉटःसं | सब-डिव-सं. क्षेत्रफठ 
हेक्टर आरे वर्ग-मीटर 
1 2 3 | 4 | | 5 |! | 6 | 
608 | 00 | 01 | 66 | 
607 | 00 | 01 | 66 | 
| 606 | | 00 | 01 88 
605 | 00 | 01 जिन: रोड 
601 | 00 | 04 18 
| 600 | | 00 | | 00 | | _ 9 |! 
697 | 00 | | 00 | 57 
599 | 00 | | 00 | 07 
701 | oo | 07 72 
| 699 | 00 | | 00 | 38 
700 | 00 | | 00 | 48 
702 | 00 | | 00 | 43 
703 | 00 | 05 36 
716 | 00 | 01 26 
717 | 00 | | 08 | 23 
712 | 00 | 02 | ge 
715 | 00 | 01 14 
711 | 00 | 01 42 
725 | 00 | 03 44 
1425 | 00 | 03 78 
726 | 00 | 01 33 
727 | 00 | | 06 | 12 
729 | 00 | | 08 | 54 
769 | oo | 04 32 
770 | 00 | 02 12 
771 | 00 | 04 44 
लापालौंग 256 | 00 | 05 13 
थानानं.-106 259 = | 02 21 
257 | 00 | | 00 | 21 
258 | 00 | 01 23 
247 | 00 | | 00 | 61 
248 | 00 | 03 | 9५४ |! 


[भाग ए--खण्ड 3(ii)] 


भारत का राजपत्र : असाधारण 


49 


अनुसूची 
अंचल-दुलमी ज़िला- रामगढ़ राज्य -झारखंड 
मौजा/थानासं. सर्वे-प्लॉट-सं | सब-डिव-सं. क्षेत्रफठ 
हेक्टर आरे वर्ग-मीटर 
1 2 3 | 4 | | 5 |! | 6 | 
250 | 00 | | 00 | 03 
245 | 00 | 02 88 
243 | 00 | | 08 | 87 
240 | 00 | 02 62 
239 | 00 | 02 | 66 | 
235 | 00 | 01 37 
236 | 00 | | 00 | 44 
234 | 00 | 10 97 
230 | oo | 01 41 
226 | 00 | 04 oF 
222 | 00 | | 09 | 76 
225 | 00 | 01 83 
224 | 00 | 01 62 
315 | 00 | 02 38 
314 | 00 | 02 94 
312 | 00 | 04 40 
207 | 00 | 01 45 
322 | 00 | 11 12 
324 | 00 | | 00 ॥ 12 
किटमा 105 | 00 | ॥ S00: -| 03 
थाना नं. -103 106 | 00 | 04 58 
107 | 00 | 03 50 
110 | 00 | ॥ 00% -.| 04 
109 | oo | 02 03 
125 | 00 | | 00 | | 69 | 
124 | 00 | 05 | 0 | 
123 | 00 | | 00 | 03 
121 = | | 00 | 14 
122 | 00 | 01 52 
74 | 00 | | 06 | 50 
72 | 00 | 01 05 
49 | 00 | 02 63 


50 THE GAZETTE OF INDIA : EXTRAORDINARY 


[PART II—SEC. 3(ii)] 


अनुसूची 
अंचल-दुलमी ज़िला- रामगढ़ राज्य -झारखंड 
मौजा/थानासं. सर्वे-प्लॉटःसं | सब-डिव-सं. क्षेत्रफठ 
हेक्टर आरे वर्ग-मीटर 
1 2 3 | 4 | | 5 |! | 6 |'| 
48 | 00 | 01 59 
47 | 00 | 01 | 66 | 
52 | 00 | 05 04 
53 | 00 | 01 67 
24 | 00 | | 06 | 26 
23 | 00 | 04 35 
57 | 00 | | 00 | 11 
ईचातु 1313 | 00 | 04 40 
थाना नं. -102 1325 | oo | 04 | 66 
1326 | 00 | | 00 | | 06 | 
1306 | 00 | 02 35 
1305 | 00 | | 00 | 51 
1304 | 00 | | 00 | 01 
1331 | 00 | 02 34 
1332 | 00 | 07 | 06 | 
2288 | 00 | 02 28 
2289 | 00 | 02 07 
2286 | 00 | 01 03 
2290 | 00 | 03 | 0 | 
2291 | 00 | 07 34 
2293 | 00 | | 00 | 02 
1297 | 00 | | 00 | 72 
1296 | 00 | 01 97 
1295 | oo | 01 75 
1294 | 00 | | 00 | 74 
1293 | 00 | 02 26 
859 | 00 | | 00 | 10 
860 = | 01 55 
2472 | 00 | 01 45 
861 | 00 | 01 11 
1292 | 00 | | 00 | | 06 | 
865 | 00 | | 00 | 78 


[भाग ए--खण्ड 3(ii)] 


भारत का राजपत्र : असाधारण 


51 


अनुसूची 
अंचल-दुलमी ज़िला- रामगढ़ राज्य -झारखंड 
मौजा/थानासं. सर्वे-प्लॉटःसं | सब-डिव-सं. क्षेत्रफठ 
हेक्टर आरे वर्ग-मीटर 

1 2 3 | 4 | | 5 |! | 6 | 
1291 | 00 | | 00 | 18 
1290 | 00 | 04 37 
1289 | 00 | | 06 | 18 
2479 | 00 | 01 | ge 
2480 | 00 | | 00 | 02 
1288 | 00 | | 00 | 42 
2488 | 00 | | 00 | 22 
2494 | 00 | 01 | 66 | 
2493 | oo | | 00 | 47 
2495 | 00 | | 00 | 04 
2496 | 00 | 02 | 0 | 
2492 | 00 | 03 65 
2497 | 00 | 01 61 
2520 | 00 | 01 57 
2521 | 00 | | 00 | 02 
2498 | 00 | | 00 | 93 
2519 | 00 | 03 04 
2535 | 00 | 01 54 
2536 | 00 | | 00 ॥ 19 
2534 | 00 | 03 70 
2568 | 00 | 02 23 
2567 | see = | | 00 | 01 
2579 | 00 | 02 38 
2576 | oo | 01 15 
2577 | 00 | 03 04 
2578 | 00 | 01 | 90 | 
2575 | 00 | | 00 | 63 
2594 | 00 | | 00 | 35 
2610 | 00 | 01 22 
2621 | 00 | 05 87 
2622 | 00 | | 00 | | 89 | 
2623 | 00 | | 00 | 19 


52 


THE GAZETTE OF INDIA : EXTRAORDINARY 


[PART II—SEC. 3(ii)] 


अनुसूची 
अंचल-दुलमी ज़िला- रामगढ़ राज्य -झारखंड 
मौजा/थानासं. सर्वे-प्लॉटःसं | सब-डिव-सं. क्षेत्रफठ 
हेक्टर आरे वर्ग-मीटर 

1 2 3 | 4 | | 5 |! | 6 | 
2648 | 00 | 05 11 
2649 | 00 | 02 20 
2651 | 00 | | 00 | 72 
3309 | 00 | | 00 | 30 
3308 | 00 | 01 42 
3307 | 00 | 05 49 
3306 | 00 | | 00 | 79 
3318 | 00 | 02 38 
3317 | oo | 01 | 96 
3316 | 00 | | 00 | 01 
3382 | 00 | 01 84 
3381 | 00 | 03 36 
3384 | 00 | 02 | 985 | 
3377 | 00 | 03 71 
3376 | 00 | 01 | 66 | 
3367 | 00 | 02 29 
3370 | 00 | | 00 | 31 
3371 | 00 | | 00 | 02 
3374 | 00 | 03 | 06 | 
3375 | 00 | | 00 | 50 
3347 | 00 | 01 95 
3349 | 00 | 01 49 
3350 | 00 | | 00 49 
3348 | oo | 01 03 
3344 | 00 | 02 83 
3352 | 00 | | 00 | 01 
3343 | 00 | 01 | 66 | 
3342 = | 03 12 
3341 | 00 | 01 56 
3408 | 00 | 04 | 06 | 
3428 | 00 | 03 30 
3434 | 00 | 02 | 06 | 


[भाग ए--खण्ड 3(ii)] 


भारत का राजपत्र : असाधारण 


53 


अनुसूची 
अंचल-दुलमी ज़िला- रामगढ़ राज्य -झारखंड 
मौजा/थानासं. सर्वे-प्लॉटःसं | सब-डिव-सं. क्षेत्रफठ 
हेक्टर आरे वर्ग-मीटर 
1 2 3 | 4 | | 5 |! | 6 | 
3433 | 00 | 02 40 
3432 | 00 | 04 42 
3506 | 00 | | 00 | 01 
3530 | 00 | | 06 | 91 
3517 | 00 | 07 13 
3518 | 00 | 01 61 
3519 | 00 | | 00 | 63 
3521 | 00 | 04 42 
3520 | oo | 01 65 
चटाक 612 | 00 | | 00 | 47 
थाना नं. -102 613 | 00 | | 00 | 70 
614 | 00 | 02 97 
615 | 00 | | 06 | 50 
617 | 00 | 02 93 
616 | 00 | 05 04 
646 | 00 | | 00 | 58 
641 | 00 | 18 | gg 
628 | 00 | 05 | 00 | 
1263 | 00 | 02 25 
1410 | 00 | 05 71 
1409 | 00 | 02 12 
1483 | 00 | | 00 | 12 
1406 | 00 | 04 17 
1405 | oo | | 00 | 05 
1487 | 00 | 04 50 
1403 | 00 | | 00 | 40 
1404 | 00 | | 00 | | 985 | 
1498 = | | 00 | 54 
1568 | 00 | 03 26 
1578 | 00 | 03 35 
1579 | 00 | 03 | 06 | 
1580 | 00 | 05 79 


54 


THE GAZETTE OF INDIA : EXTRAORDINARY 


[PART II—SEC. 3(ii)] 


अनुसूची 
अंचल-दुलमी ज़िला- रामगढ़ राज्य -झारखंड 
मौजा/थानासं. सर्वे-प्लॉटःसं | सब-डिव-सं. क्षेत्रफठ 
हेक्टर आरे वर्ग-मीटर 
1 2 3 | 4 | | 5 |! | 6 | 
1575 | 00 | | 00 | 58 
1582 | 00 | 02 | 69 |! 
1584 | 00 | 01 | 06 | 
1586 | 00 | 04 42 
1601 | 00 | 31 94 
1594 | 00 | 01 54 
1592 | 00 | | 06 | 19 
1605 | 00 | 03 62 
1608 | oo | 01 62 
1609 | 00 | 02 51 
जामसिंघ 1227 | 00 | 03 57 
थाना नं. -135 1213 | 00 | 30 02 
1216 | 00 | | 00 | 20 
हरहदकण्डेर 1213 | 00 | 31 97 
थाना नं. -137 1217 | 00 | 03 10 
1215 | 00 | 02 92 
1227 | 00 | | 08 | 18 
1236 | 00 | 03 42 
1238 | 00 | 04 47 
1239 | 00 | | 00 | 04 
1241 | 00 | 03 53 
1251 | 00 | 03 | 66 | 
1243 | 00 | | 00 | 25 
1250 | oo | 01 21 
1249 | 00 | 02 70 
1248 | 00 | 02 41 
1244 | 00 | | 00 | 26 
1245 = | 02 21 
1268 | 00 | 01 14 
बोगई 1 | 00 | 01 11 
थाना नं. -138 50 | 00 | 07 22 
54 | 00 | 02 94 


[भाग ए--खण्ड 3(ii)] 


भारत का राजपत्र : असाधारण 


55 


अनुसूची 
अंचल-दुलमी ज़िला- रामगढ़ राज्य -झारखंड 
मौजा/थानासं. सर्वे-प्लॉटःसं | सब-डिव-सं. क्षेत्रफठ 
हेक्टर आरे वर्ग-मीटर 

1 2 3 | 4 | | 5 |! | 6 | 
58 | 00 | 01 32 
59 | 00 | 01 76 
61 | 00 | 03 31 
63 | 00 | | 00 | 03 
62 | 00 | | 06 | 70 
84 | 00 | 07 82 
85 | 00 | | 00 | 04 
|. 8 | | 00 | | 09 | 91 
189 | oo | 03 | 69 
166 | 00 | | 00 | 23 
188 | 00 | | 06 | 19 
187 | 00 | 04 88 
186 | 00 | | 00 | 01 
196 | 00 | 05 10 
195 | 00 | 03 55 
199 | 00 | | 00 | 01 
200 | 00 | 12 | 985 | 
219 | 00 | | 06 | 46 
218 | 00 | | 00 | | 66 | 
209 | 00 | 03 65 
207 | 00 | | 09 | 94 
210 | 00 | | 00 | 13 
211 | 00 | 01 20 
212 | oo | 01 77 
502 | 00 | 03 38 
503 | 00 | 03 81 
504 | 00 | | 00 | 79 
501 = | | 00 | 64 
1219 | 00 | 07 48 
1224 | 00 | | 00 | 44 
1220 | 00 | | 00 | 01 
1225 | 00 | | 00 | 27 


56 THE GAZETTE OF INDIA : EXTRAORDINARY 


[PART II—SEC. 3(ii)] 


अनुसूची 
अंचल-दुलमी ज़िला- रामगढ़ राज्य -झारखंड 
मौजा/थानासं. सर्वे-प्लॉटःसं | सब-डिव-सं. क्षेत्रफठ 
हेक्टर आरे वर्ग-मीटर 

1 2 3 | 4 | | 5 |! | 6 | 
1223 | 00 | 04 03 
1226 | 00 | | 00 | | 06 | 
1222 | 00 | 01 85 
1394 | 00 | | 06 | 91 
1390 | 00 | 01 | 9५9 |! 
1395 | 00 | 01 | 06 | 
1367 | 00 | | 00 | 02 
1368 | 00 | 01 42 
1370 | oo | | 09 | 67 
1363 | 00 | | 00 | 01 
1371 | 00 | 01 79 
1334 | 00 | 01 55 
1320 | 00 | | 00 | 01 
1319 | 00 | 02 20 
1317 | 00 | | 06 | | 06 | 
1304 | 00 | | 08 | 51 
1303 | 00 | 03 37 
1302 | 00 | | 00 | 74 
1301 | 00 | 01 | 80 | 
1287 | 00 | 02 35 
1140 | 00 | 03 95 
1139 | 00 | | 00 | 47 
1138 | 00 | [+ 260% -.| 62 
1105 | 00 | 01 72 
1106 | 00 | 01 02 
1137 | 00 | | 00 | | 80 | 
1107 | 00 | | 06 | 17 
1135 = | 01 05 
1131 | 00 | | 06 | 18 
1129 | 00 | 02 35 
1124 | 00 | | 00 | | 80 | 
1123 | 00 | | 00 | | 60 | 


[भाग ए--खण्ड 3(ii)] 


भारत का राजपत्र : असाधारण 


57 


अनुसूची 
अंचल-दुलमी ज़िला- रामगढ़ राज्य -झारखंड 
मौजा/थानासं. सर्वे-प्लॉट-सं | सब-डिव-सं. क्षेत्रफठ 
हेक्टर आरे वर्ग-मीटर 
1 2 3 | 4 | | 5 |! | 6 |!'| 
1121 | 00 | 04 | 98 | 
1119 | 00 | 02 26 
1117 | 00 | 03 37 
पाँचा 184 | 00 | 01 41 
थाना नं. -139 185 | 00 | | 00 | | 60 | 
191 | 00 | | 00 | 31 
192 | 00 | 03 25 
194 | 00 | 01 79 
195 | oo | 02 71 
201 | 00 | | 00 | 55 
200 | 00 | | 00 | 59 
199 | 00 | | 00 | 46 
198 | 00 | 01 | 66 | 
197 | 00 | 01 | _ 99 | 
216 | 00 | 05 | 06 | 
217 | 00 | | 00 | 84 
218 | 00 | | 00 | 71 
207 | 00 | 03 21 
345 | 00 | 01 92 
344 | 00 | 01 75 
कुल्ही 578 | 00 | 12 15 
थाना नं. -168 575 | 00 | | 06 | | gg 
579 | 00 | | 08 | 37 
603 | oo | | 00 | 91 
602 | 00 | | 00 | | 06 | 
| 690 | | 00 | | 00 | 52 
604 | 00 | 04 | 00 | 
689 | 00 | 03 57 
688 | 00 =6| 00 | 46 
687 | 00 02 84 
686 a aa ॥ 0 | 55 
683 | _ 00 _ | 06 | 13 
682 | 00 =| 03 92 


58 THE GAZETTE OF INDIA : EXTRAORDINARY [PART II—SEC. 3(ii)] 


अनुसूची 
अंचल-दुलमी ज़िला- रामगढ़ राज्य -झारखंड 
मौजा/थानासं. सर्वे-प्लॉटःसं | सब-डिव-सं. क्षेत्रफठ 
हेक्टर आरे वर्ग-मीटर 
1 2 3 | 4 | | 5 |! | 6 | 
681 | 00 [03 54 
680 | oo | 01 52 
679 | 00 | 03 04 
678 | oo | oo | 86 | 
674 | oo | o2 | g8 | 
676 | oo | 02 07 
675 | 00 | 03 07 
| 669 | | oo | oo | 07 
670 | oo | 02 03 
| 660 | | oo | 01 24 
661 | oo | 00 | 01 
667 | 00 | 05 14 
| 666 | | oo | oo | 18 
665 | oo | 02 73 
759 | oo | 01 18 
893 | oo | 03 01 
894 | oo | 01 49 
896 | oo | 10 24 
897 | oo | oo | 45 
885 | oo | oo | 71 
899 | oo | 02 85 
901 | oo | oo | 01 
883 | oo | (0 | 31 
882 | oo | oo | 54 
881 EE — 366: | 00 | 51 
876 |__00_| 00 | 51 
880 | 00 | oo | 50 
879 | oo | 00 | 20 


[फा. सं. एल- 14014-18-2024-जीपी-॥ (€-49647)] 
रामजीलाल मीना, अवर सचिव 


[भाग 1---खण्ड 3(ii)] भारत का राजपत्र : असाधारण 59 


MINISTRY OF PETROLEUM AND NATURAL GAS 
NOTIFICATION 
New Delhi, the 12th August, 2024 


9.0. 3486(E).—Whereas it appears to the Central Government that it is necessary in the public 
interest that for the transportation of Natural Gas in the State of Jharkhand, "Hazaribagh Ranchi NG" 
pipeline should be laid by Indian Oil Corporation Limited. 


And whereas, it appears to the Central Government that for the purpose of laying such pipeline, it is 
necessary to acquire the right of use in land under which the said pipeline is proposed to be laid and which is 
described in the Schedule annexed hereto. 


Now, therefore, in exercise of the powers conferred by sub-section (1) of section 3 of the Petroleum and 
Minerals Pipelines (Acquisition of Right of Use in Land) Act, 1962 (50 of 1962), the Central Government hereby 
declares its intention to acquire the right of use (RoU) therein. 


Any person interested in the land described in the said schedule may, within twenty one days from the date 
on which copies of the Gazette of India containing this notification are made available to the general public, object in 
writing to the acquisition of the right of use therein for laying of the pipeline under the land to Sh. Rajesh Dungdung , 
Competent Authority, Indian Oil Corporation Limited, Hazaribagh Ranchi Natural Gas (NG) Pipeline project, Indu- 
Shankar Bhawan, 102 C, Mandir Marg, Ashok Nagar, Ranchi, Jharkhand-834002. 


SCHEDULE 
Block-BARKAGAON Dist.-HAZARIBAGH State: JHARKHAND 
Mouja / Thana No. Survey / Plot Sub-Div-No. Area 
No. Hectare Are Sq.mtr. 
1 2 3 a a 5 | 6 | 
TALASWAR 179 | oo | 00 | 03 
THANA NO.105 159 | oo | 02 27 
158 | oo | 05 12 
157 | oo | 05 25 
154 | oo | 02 | 86 | 
151 | 00 | 05 21 
148 | 00 | 01 91 
146 | oo | 11 | 60 [| 
363 | oo | 00 | 58 
434 | oo | 20 67 
435 | oo | 02 01 
145 | oo | 02 07 
NAYATAND 1310 | oo | 02 | eee 
THANA NO.118 1268 | oo | 07 | 68 | 
1261 | 00 | 02 | eee 
1259 | 00 | 05 02 
1258 | oo | 02 | = 90s" 
1257 | oo | oo [| 06 | 
1256 | oo | 03 77 
1244 | oo | 01 41 
1242 | oo | 06 | 53 
1241 | 00 | 02 56 
1237 | oo | 05 12 
1238 | oo | 00 | 01 
1236 | _ 00 | 03 95 
1216 | oo | 04 21 
1217 | oo | 03 02 
1225 | oo | 00 | 70 
1224 | oo | 066 | 63 
1223 | oo | 02 24 
1222 | oo | 00 | 88 
1227 | oo | 02 715 
1320 | oo | oo [| 69 | 
| 9060 | | 00 | 02 28 
961 | 00 | 07 | 066 [| 


60 


THE GAZETTE OF INDIA : EXTRAORDINARY 


[PART II—SEC. 3(ii)] 


SCHEDULE 


Block-BARKAGAON 


Dist.-HAZARIBAGH 


State: JHARKHAND 


Mouja / Thana No. Survey / Plot Sub-Div-No. Area 
No. Hectare Are Sq.mtr. 
1 2 3 = | 5 | 6 | 
963 | oo | (00 | 17 
930 Zz | 01 47 
957 | oo | (00 | 59 
956 | oo | (00 | 34 
955 | 00 | 04 58 
952 | 00 | 05 88 
| 906 _ | | oo | (06 | 75 
905 | oo | (00 | 10 
907 | oo | 05 82 
898 |_00 | (00 [| 73 
897 | 00 | 05 93 
896 | oo | (00 | 05 
895 | 00 | 05 | 08 | 
893 | 00 | 18 33 
892 | oo | 00 | 78 
894 1 oo | 01 39 
890 | oo | 00 | 91 
872 | 00 | 03 |_ 80 | 
873 | 00 | 03 79 
851 | oo | (00 | 55 
850 | 00 | 10 63 
836 | oo | oo [| 98 | 
837 | _ 00 | 04 10 
834 |00 | (00 | 49 
514 | oo | (00 | 72 
513 | 00 | 07 51 
512 1 oo | 02 38 
511 | oo | (00 | 97 
510 | _ 00 | 01 56 
482 | 00 | 02 74 
507 | _ 00 | 01 72 
506 | 00 | 01 56 
503 | 00 | 01 03 
500 | 00 | 01 83 
501 | oo | 00 | 26 
495 | 00 | 02 62 
490 | _ 00 | 04 91 
CHOPDAR BALIA 215 | 00 | 01 28 
THANA NO.117 216 | _ 00 | 01 04 
218 | 00 | 01 20 
219 | 00 | 01 48 
220 | 00 | 01 22 
221 | 00 | 01 35 
239 | _ 00 | 01 37 
241 | 00 | 02 01 
242 | _ 00 | 03 16 
243 | _ 00 | 01 04 
244 | _ 00 | 01 95 
247 | 00 | 02 36 
248 | _ 00 | 01 | 00 | 
171 | oo | 00 | 30 
132 1 00 | 03 67 
130 | _ 00 | 04 | 90 | 
125 | _ 00 | 01 24 
107 | 00 | 01 20 


[भाग avs 3(ii)] 


भारत का राजपत्र : असाधारण 


61 


SCHEDULE 


Block-BARKAGAON 


Dist.-HAZARIBAGH 


State: JHARKHAND 


Mouja / Thana No. Survey / Plot Sub-Div-No. Area 

No. Hectare Are Sq.mtr. 

1 2 3 = | 5 | 6 | 

121 | 00 | 02 18 

110 Zz | 01 07 

111 |_00 | oo [| 9 | 

116 1 oo. | 02 52 

GOSAIBALIA 525 | 00 | 01 67 

THANA NO.116 548 1 00 | 01 04 

549 | 00 | 02 | 68 [| 

551 | _ 00 | 01 16 

552 | 00 | 01 22 

556 | _ 00 | 01 19 

562 | 00 | 01 27 

564 | 00 | 01 01 

566 | _ 00 | 02 12 

568 | 00 | 01 28 

571 | _ 00 | 14 50 

488 | _ 00 | 01 40 

487 |__00 | oo [| 89 | 

480 | 00 | 01 01 

479 | oo | 00 | 91 

478 | oo | (00 [| 93 

475 | 00 | 01 20 

474 | oo | 00 | 92 

473 | oo | (00 | 77 

472 | oo | oo [| 80 | 

470 1 oo | 02 35 

468 | 00 | 01 03 

467 | _ 00 | 01 13 

466 | 00 | 02 03 

465 | _ 00 | 01 67 

464 | _ 00 | 01 9] 

463 | 00 | 01 | 099 . | 

462 1 oo | 01 50 

461 | oo | (00 [| 45 

KHARATI 244 | oo | 00 | 44 

THANA NO.115 245 | 00 | 01 47 

251 | _ 00 | 02 15 

252 | 00 | 01 07 

255 | _ 00 | 01 15 

262 | _ 00 | 01 11 

270 | 00 | 01 10 

271 | 00 | 01 | 00 | 

272 | 00 | 01 27 

274 | _ 00 | 01 19 

282 | 00 | 01 62 

288 | _ 00 | 01 28 

289 | _ 00 | 01 77 

299 | oo | oo [| 61 

298 | oo | 00 | 22 

309 | oo | (00 | 83 

310 | _ 00 | 01 | 06 | 

317 | 00 | 01 81 

320 | 00 | 01 24 

321 | _ 00 | 01 43 

322 | 00 | 01 41 

323 | 00 | 01 | 06 | 


62 


THE GAZETTE OF INDIA : EXTRAORDINARY 


[PART II—SEC. 3(ii)] 


SCHEDULE 


Block-BARKAGAON 


Dist.-HAZARIBAGH 


State: JHARKHAND 


Mouja / Thana No. Survey / Plot Sub-Div-No. Area 

No. Hectare Are Sq.mtr. 

1 2 3 = | 5 | 6 | 

324 | oo | oo [| 96 | 

326 Zz | 04 | 659 | 

333 | 00 | 01 76 

338 | _ 00 | 02 25 

346 | 00 | 01 79 

355 | 00 | 01 22 

354 | 00 | 01 61 

358 |_00 | oo [| 99 | 

361 1 00 | 01 01 

363 | _ 00 | 02 24 

364 | 00 | 01 56 

374 | 00 | 01 27 

379 | _ 00 | 03 15 

390 | 00 | 02 93 

391 | 00 | 02 38 

393 1 oo | 05 84 

403 | oo | (00 | 62 

422 | oo | 099 | 52 

428 | oo | op | 08 | 

430 | oo | (00 | 05 

427 | 00 | 05 28 

439 | _ 00 | 01 24 

440 | _ 00 | 01 03 

441 | _ 00 | 02 | 68 | 

442 1 00 | 02 83 

443 | 00 | 05 77 

477 | oo | (00 | 43 

519 | oo | (00 | 82 

518 | oo | (00 | 01 

520 | oo | 08 | 94 

NAPOKALA 1035 | oo | (06 | 12 

THANA NO.114 1034 1 oo | 05 |_ 06 | 

1033 | 00 | 04 16 

1038 | oo | 00 | 719 

1037 | _ 00 | 07 75 

1039 | 00 | 04 73 

1115 | oo | (00 | 52 

1103 | 00 | 01 24 

1102 | _ 00 | 03 38 

1101 | 00 | 02 71 

1100 | _ 00 | 10 84 

1092 | _ 00 | 04 18 

1091 | 00 | 02 15 

1087 | _ 00 | 01 88 

1086 |00 | 08 | 19 

1063 | _ 00 | 04 | 96 | 

1064 | _ 00 | 03 81 

1065 | _ 00 | 01 11 

1061 | 00 | 04 07 

1059 | oo | (00 | 10 

1060 | 00 | 03 52 

1058 | oo | (00 [| 23 

NAPOKHURD 1728 | _ 00 | 02 67 

THANA NO.107 1730 | 00 | 02 19 

1731 | oo | (00 | 93 


[भाग avs 3(ii)] 


भारत का राजपत्र : असाधारण 


63 


SCHEDULE 


Block-BARKAGAON 


Dist.-HAZARIBAGH 


State: JHARKHAND 


Mouja / Thana No. Survey / Plot Sub-Div-No. Area 
No. Hectare Are Sq.mtr. 
1 2 3 = | 5 | 6 | 
1734 | 00 | 03 07 
1723 | 00. - | (00 [| 67 
1720 | 00 | 04 38 
1705 | _ 00 | 01 74 
1706 | oo | 00 | 74 
1707 | oo | oo [| 8% | 
1711 | oo | 00 | 20 
1701 | oo | 01 41 
1702 | oo | oo | 08 | 
1700 | 00 | 02 | 00 | 
1699 | 00 | 03 82 
1698 | oo | (00 | 42 
1697 | _ 00 | 01 88 
1696 | oo | 00 | 46 
1695 | oo | (00 | 61 
1694 1 oo | 02 41 
1618 | oo | (00 | 57 
1619 | 00 | 01 | 06 | 
1648 | 00 | 01 20 
1649 | oo | (00 | 42 
1620 | 00 | 01 23 
1631 | _ 00 | 01 | 66 | 
1632 | oo | oo | 73 
1639 | oo | (00 | 83 
1640 1 00 | 01 | 066 | 
1647 | 00 | 01 85 
1658 | _ 00 | 02 | eee 
1657 | 00 | 01 | 6599 | 
2614 | oo | oo [| 06 | 
1660 | 00 | 03 Sf: 
1663 | oo | (00 | 54 
1668 1 oo | 02 | 68 | 
1669 | 00 | 02 25 
1675 | 00 | 01 | 08 | 
1674 | 00 | 01 | 099 | 
597 | _ 00 | 01 63 
598 | 00 | 01 93 
599 | 00 | 01 56 
| 600 | | _ 00 | 02 41 
584 1 00 | 03 45 
585 | oo | oo [| 6 | 
583 | 00 | 01 | 66 | 
582 | oo | 00 | 01 
2328 | oo | (00 | 03 
560 | _ 00 | 02 31 
2598 | _ 00 | 02 49 
559 | oo | (00 | 28 
558 | oo | (00 | 21 
556 | oo | (00 | 33 
545 | _ 00 | 02 56 
546 | oo | 00 | 44 
553 | 00 | 04 42 
551 | _ 00 | 01 34 
511 | 00 | 02 | 6599 | 
512 | 00 | 02 73 


64 THE GAZETTE OF INDIA : EXTRAORDINARY 


[PART II—SEC. 3(ii)] 


SCHEDULE 
Block-BARKAGAON Dist.-HAZARIBAGH State: JHARKHAND 
Mouja / Thana No. Survey / Plot Sub-Div-No. Area 
No. Hectare Are Sq.mtr. 
1 2 3 = | 5 | 6 | 
513 | 00 | 01 | 98 | 
514 Zz | 02 10 
515 / oo | oo [| o | 
484 1 oo. | 03 |_ 99 | 
486 | 00 | 01 35 
485 | 00 | 03 07 
460 | 00 | 01 02 
461 | oo | 01 01 
457 | oo | oo [| 89 | 
462 | 00 | 03 95 
453 | 00 | 03 64 
2595 | 00 | 01 62 
452 | oo | oo | 67 
451 | 00 | 01 07 
448 | oo | oo [| 89 | 
447 1 oo | 02 82 
446 | 00 | 03 33 
438 | 00 | 03 32 
439 | oo | (00 | 01 
BARWANIA 115 | oo | (06 | 83 
THANA NO.108 123 | 00 | 02 26 
122 | oo | 03 36 
563 | oo | (00 | 53 
562 | oo | 02 50 
561 1 00 | 02 | 98 | 
560 | 00 | 02 | 066 | 
559 | _ 00 | 01 | 08 | 
558 | 00 | 01 05 
555 | _ 00 | 01 32 
540 | _ 00 | 01 32 
553 | 00 | 01 23 
552 | oo | (00 | 27 
551 | 00 | 02 36 
550 | 00 | 01 | 89 | 
549 | 00 | 01 73 
501 | oo. | 04 56 
500 | 00 | 02 15 
499 | 00 | 01 11 
498 | _ 00 | 01 23 
497 | 00 | 01 67 
496 | oo | (00 | 11 
488 / oo | oo [| 06 | 
489 | _ 00 | 01 | 68 | 
487 | 00 | 02 31 
486 | _ 00 | 04 43 
466 | _ 00 | 01 22 
464 | 00 | 01 14 
461 | 00 | 01 15 
453 | 00 | 01 61 
454 | _ 00 | 01 27 
455 | 00 | 01 50 
447 | 00 | 03 31 
444 | oo | 00 | 36 
443 1 00 | 02 25 
442 | 00 | 04 61 


[भाग avs 3(ii)] 


भारत का राजपत्र : असाधारण 


65 


SCHEDULE 


Block-BARKAGAON 


Dist.-HAZARIBAGH 


State: JHARKHAND 


Mouja / Thana No. Survey / Plot Sub-Div-No. Area 
No. Hectare Are Sq.mtr. 
1 2 3 = | 5 | 6 | 
440 | 00 | 04 50 
439 Zz | 02 45 
435 | oo | 00 | 93 
434 | oo | (06 | 03 
433 | 00 | 04 40 
432 | 00 | 01 32 
973 | oo | (00 | 54 
1060 | oo | 28 97 
405 | 00 | 02 29 
1066 | 00 | 21 54 
1067 | _ 00 | 41 36 
1079 | 00 | 53 37 
1077 | _ 00 | 43 23 
1118 | 00 | 14 32 
LURUNGA 154 | 00 | 18 70 
THANA NO.150 155 | oo | 31 27 
156 | _ 00 | 01 21 
157 | oo | 00 | 32 
158 | 00 | 03 61 
159 1 00 | 07 32 
160 | 00 | 07 40 
161 | oo | 00 | 45 
163 | _ 00 | 01 64 
162 | oo | (00 | 53 
170 1 00 | 02 88 
329 | 00 | 01 49 
168 | oo | (00 | 92 
171 | oo | (00 | 27 
178 | 00 | 13 14 
177 | _ 00 | 11 64 
186 | 00 | 11 29 
192 | oo | (00 | 03 
193 | 00 | 05 63 
201 | 00 | 02 53 
200 | 00 | 01 42 
203 | _ 00 | 07 24 
204 | 00 | 01 49 
231 | oo | oo | 07 
233 | oo | 00 | 12 
208 1 00 | 01 58 
209 | 00 | 02 74 
210 | 00 | 02 20 
124 | _ 00 | 03 24 
122 | 00 | 04 82 
121 | _ 00 | 01 24 
120 | _ 00 | 02 92 
117 | 00 | 03 58 
118 | oo | oo | 40 
656 | 00 | 02 53 
657 | oo | (00 | 64 
655 | 00 | 02 87 
659 | 00 | 01 21 
| 660 [| | _ 00 | 03 33 
654 | 00 | 01 72 
767 |__00 | (06 [| 33 


66 THE GAZETTE OF INDIA : EXTRAORDINARY 


[PART II—SEC. 3(ii)] 


SCHEDULE 


Block-BARKAGAON 


Dist.-HAZARIBAGH 


State: JHARKHAND 


Mouja / Thana No. Survey / Plot Sub-Div-No. Area 

No. Hectare Are Sq.mtr. 

1 2 3 z= | 5 | 6 | 

781 | _ 00 | 11 38 

769 | _ 00 | 03 46 

771 | oo | 099 | 18 

774 1 oo. | 04 23 

775 | 00 | 01 18 

765 | oo | (00 | 35 

763 | 00 | 03 29 

780 | oo | (00 | 39 

782 | oo | (00 | 22 

784 ee | 00 [| 62 

787 | oo | 00 | 62 

369 | 00 | 03 62 

897 | 00 | 56 40 

889 |00 | (00 | 03 

888 | 00 | 01 59 

891 | oo | 00 | 91 

| 900 | | 00 | 23 54 

898 | 00 | 22 48 

SCHEDULE 
Block-Dadi Dist.-HAZARIBAGH State : JHARKHAND 
Mouja / Thana No. Survey / Plot Sub-Div-No. Area 

No. Hectare Are Sq.mtr. 

1 2 3 | 4 5 aaa 

KURA 401 a a ee | 84 

THANA NO.30 402 1 oo | (00 | 43 

404 1 oo | (00 | 19 

405 | oo | 02 | 8s 

428 | oo | 05 35 

RIKWA 1 | 00 | 04 | 68 | 

THANA NO.31 2 | oo | 01 70 

3 | oo | 88 71 

22 | 00 | 01 01 

19 | oo | (00 | 14 

20 | oo | 03 75 

26 | oo | oF | 6 | 

28 | oo | 04 63 

DADI 1 | 00 | 27 14 

THANA NO.43 a aaa | oo | (00 | 01 

Ls 85: | | oo | 04 02 

aS 6 | | oo | oo | 98 | 

3 | oo | 01 | 68 | 

12 | oo | 01 | 699  |[|/ 

14 | oo | (00 | 01 

19 | oo | 01 35 

18 |_00.._. 00 — [> 96 — 

20 | 00 07 42 

22 | 00 = 15 19 

27 | 00 29 58 

56 | _० | | _७० | 12 

57 | 00 | 00 72 

| 0 | 00 38 47 


[भाग avs 3(ii)] 


भारत का राजपत्र : असाधारण 


67 


SCHEDULE 
Block-Dadi Dist.-HAZARIBAGH State : JHARKHAND 
Mouja / Thana No. Survey / Plot Sub-Div-No. Area 
No. Hectare Are Sq.mtr. 
1 2 3 | 4 5 | 6 | 
108 | 00 | 05 | eee 
112 | 00 | 01 24 
111 | oo | | oo | 23 
109 | oo | 02 23 
104 1 oo | | oo | 03 
102 | oo | 04 45 
103 | oo | | oo | 63 
101 | oo | 01 83 
| 96 [| | oo | 02 70 
100 [= 00 | | oo | 59 
| 99 ee | oo | 01 28 
| 98 | | oo | 02 42 
97 1 oo | 01 82 
144 | oo | | oo | 42 
143 | oo | 03 719 
145 | oo | 40 34 
142 i = 00 | | oo | 77 
141 | oo | 02 |; —— 60 | 
139 | 00 | | oo | | 60 [| 
157 | oo | 01 93 
156 | oo | 03 35 
154 | oo | 05 81 
167 | oo | | oo | 74 
169 | oo | | oo | 32 
175 | oo | 07 03 
170 | 00 | 05 42 
171 | 00 | | oo | 01 
172 | 00 | | oo | 93 
173 | oo | 1 oo | 64 
174 | oo | 01 17 
1188 | oo | | 08 | 77 
1189 | oo | | oo | 73 
1187 | 00 | 15 14 
1190 | oo | | - 08. 17 
1191 | oo | | oo | 51 
1192 | oo | | oo | 41 
1194 | oo | | oo | 85 
1195 | oo | | oo | 36 
1164 | 00 | | oo | 02 
1165 | oo | | oo | 58 
1168 | oo | | oo | 01 
1166 nr | | oo | 82 
1167 | oo | | 00 | 54 
1152 | oo | | oo | 62 
1155 | oo | 01 | 09. | 
1156 | oo | 03 01 
1154 | oo | 02 ae | 
1146 | oo | 03 34 
1147 | 00 | 01 93 
1134 | oo | 04 91 
1138 | oo | 02 | 96 | 
1136 | oo | 04 27 
1050 | oo | 01 18 
1005 | oo | 03 42 
1003 | _ 00 | 03 58 


68 


THE GAZETTE OF INDIA : EXTRAORDINARY 


[PART II—SEC. 3(ii)] 


SCHEDULE 
Block-Dadi Dist.-HAZARIBAGH State : JHARKHAND 
Mouja / Thana No. Survey / Plot Sub-Div-No. Area 
No. Hectare Are Sq.mtr. 
1 2 3 | 4 5 | 6 | 
1002 | oo | 02 24 
1000 | oo | 02 37 
997 | oo | 02 33 
983 | oo | 01 84 
| 996 | | oo | 01 46 
995 | oo | oo | 80 | 
994 | 00 | 02 | 80 | 
993 | oo | (00 | 88 
992 | oo | 01 05 
761 | 00 | 03 79 
762 1 oo | (00 | 30 
760 | oo | oo | 6 | 
758 | oo | (00 | 64 
7159 | oo | (00 | 01 
754 | oo | 02 54 
753 | oo | 02 07 
769 | oo | 02 83 
770 | oo | 03 41 
773 | oo | 02 26 
715 | oo | 03 38 
716 | oo | (00 | 91 
777 1 oo | (00 | 73 
| 600 [| | oo | 01 56 
601 | oo | 05 27 
602 | oo | (00 | 27 
598 | _ 00 | 05 | 68 | 
599 | oo | (00 | 53 
787 | oo | 31 39 
788 | oo | (00 | 14 
789 | oo | (00 | 22 
790 | 00 | 04 | 68 | 
494 | oo | 04 | 06 _ | 
455 | oo | 04 18 
456 | oo | 04 70 
454 | oo | 24 10 
453 | oo | 03 12 
452 | oo | 04 97 
451 | oo | 03 48 
450 | oo | 01 17 
448 1 oo | (00 | 40 
313 | oo | 01 95 
KANKI 1352 | oo | 02 05 
THANA NO.47 1348 | oo | 03 81 
1340 | oo | 08 | 11 
1341 | oo | (00 | 57 
1343 1 oo | (00 | 74 
1344 | oo | 05 | 08 | 
1349 | oo | 03 40 
1351 | 00 | 01 30 
HOSIR 703 | oo | 07 77 
THANA NO.44 701 | 00 | 01 91 
702 | oo | 01 91 
602 1 oo | (00 | 11 
601 | oo | 02 78 
704 | _ 00 | 01 | 68 | 


[भागता---खण्ड 3(ii)] 


भारत का राजपत्र : असाधारण 


69 


SCHEDULE 
Block-Dadi Dist.-HAZARIBAGH State : JHARKHAND 
Mouja / Thana No. Survey / Plot Sub-Div-No. Area 
No. Hectare Are Sq.mtr. 
1 2 3 | 4 5 | ae 
| 600 [| | oo | 05 94 
813 | oo | 01 45 
715 | oo | 03 67 
714 | oo | 01 10 
712 | oo | 01 83 
707 | oo | 03 38 
710 | oo | 02 43 
708 | oo | (00 | 71 
709 1 oo | oo | 80 | 
1306 | 00 | 03 58 
1319 | oo | 03 62 
1318 | oo | oo | 0 | 
1320 | oo | 07 33 
1323 | oo | 02 72 
1324 | oo | 03 54 
1325 | oo | 04 87 
1316 | oo | 05 37 
1426 | oo | 10 19 
1428 | oo | 12 88 
1283 | oo | 07 | 68 | 
1280 | oo | 02 34 
1440 | oo | 6 | 13 
1273 | 00 | 03 34 
1272 | oo | (00 | 47 
1228 | oo | 13 47 
1222 | 00 | 01 65 
1219 | oo | 03 82 
1218 | oo | (00 | 04 
1204 | oo | 03 | 69 | 
1217 | oo | (00 | 719 
1212 | oo | (00 | 04 
1215 1 oo | 02 a eee 
1544 | oo | 11 59 
NAPO 465 | oo | 22 25 
THANA NO.42 464 | 00 | 02 42 
463 | oo | 05 37 
458 | 00 | 03 13 
461 | oo | 01 | 09. | 
460 | oo | (00 | 91 
453 | oo | 12 16 
454 | oo | (00 | 97 
467 | oo | 04 | 00 | 
448 | oo | 14 23 
474 | oo | oF | 6 | 
475 | oo | 02 58 
447 1 oo | (00 | 45 
477 | oo | 04 07 
480 | oo | 04 | 99. | 
479 | oo | 07 | 96 _ | 
478 | oo | 04 | 99. | 
HESALONG 1806 | oo | 04 61 
THANA NO.41 1808 | oo | 03 59 
1807 | oo | oo | 80 | 
1801 | oo | 07 75 
1602 | 00 | 12 | 00 | 


70 


THE GAZETTE OF INDIA : EXTRAORDINARY 


[PART II—SEC. 3(ii)] 


SCHEDULE 
Block-Dadi Dist.-HAZARIBAGH State : JHARKHAND 
Mouja / Thana No. Survey / Plot Sub-Div-No. Area 
No. Hectare Are Sq.mtr. 
1 2 3 | 4 5 | 6 | 
1588 | 00 | 01 56 
1570 | oo | | 08 | 39 
1573 | oo | 02 | i 60—“‘—‘é*”z 
1578 | oo | | 099 | | 66 [| 
1577 | oo | 07 76 
1692 | oo | 04 91 
1702 | oo | 1 oo | 74 
1704 | 00 | | oo | 40 
SCHEDULE 
Block-Mandu Dist.-RAMGARH State: JHARKHAND 
Mouja / Thana No. Survey / Plot Sub-Div-No. Area 
No. Hectare Are Sq.mtr. 
1 2 3 i See 5 | 6 [| 
CHHOTKA CHUMBA 192 | 00 11 | 8 
THANA NO.134 193 | oo | 02 19 
194 | oo | 01 03 
195 | 00 | 05 67 
228 | 00 | | oo | 76 
229 | oo | 02 49 
237 | oo | 25 12 
233 | 00 | | oo | | 6599 | 
234 | 00 | | oo | 56 
245 1 oo | | oo | 50 
246 | 00 | | oo | 07 
244 | oo | 02 83 
242 | oo | | oo | 18 
243 | 00 | 01 57 
240 | oo | 01 45 
280 | 00 | 11 48 
274 | oo | 07 97 
275 | oo | 04 27 
276 | oo | | oo | 27 
270 | 00 | | oo | 19 
272 | oo | 07 62 
266 | 00 | 01 20 
265 | 00 | 01 11 
620 | oo | 01 23 
601 | 00 | 03 19 
602 | oo | 03 21 
| 606 | | oid 03 83 
604 | 00 | | oo | 78 
605 | oid | oo | | 06 [| 
607 | 00 | 07 37 
Se | | 00 | 02 13 
610 | 00 | | oo | | 06 [| 
599 | oo | | oo | 73 
597 | oo | 01 61 
594 | oo | 03 63 
591 te 00 | 01 91 
590 | 00 | 07 | 99 | 
588 | oo | 01 53 
576 | oo | 04 92 
577 | 00 | 05 15 


[भागता---खण्ड 3(ii)] 


भारत का राजपत्र : असाधारण 


val 


SCHEDULE 
Block-Mandu Dist.-RAMGARH State: JHARKHAND 
Mouja / Thana No. Survey / Plot Sub-Div-No. Area 
No. Hectare Are Sq.mtr. 
1 2 3 | 4 | 5 | 6 [| 
578 | 00 | 01 73 
557 = 00 | 01 95 
556 | oid 01 18 
555 | oo | | oo | 14 
554 | 00 | 02 18 
553 | oo | x | | 9 | 
535 | 00 | | oo | 10 
534 | oo | 03 64 
533 | oo | | oo | 53 
532 | 00 | 01 |99 | 
531 | 00 | | oo | 84 
530 | oo | 14 29 
528 | 00 | 11 12 
MANJHLA CHUMBA 493 fF 00 03 76 
THANA NO.133 492 | 00 | 05 25 
491 | oi 01 33 
490 | oo | 04 29 
522 | 00 | 03 07 
526 | 00 | 16 47 
533 | oo | | oo | 63 
552 | oo | 01 43 
541 | 00 | [-- 09 | 25 
542 | oo | | oo | 01 
543 | oo | 01 | 9 | 
544 | 00 | 05 73 
BADKA CHUMBA 1438 | 00 | 04 20 
THANA NO.132 1436 | 00 | 05 70 
1440 | oo | | oo | 25 
1441 | oo | 02 03 
1430 i? 00 | | oo | | 06 [| 
1429 | 00 | 01 30 
1433 | 00 | 04 30 
1410 | oo | | oo | | 98 | 
1402 | 00 | | oo | 75 
1324 | oo | 03 41 
1323 | oo | 04 65 
1327 | 00 | 02 T7 
1328 | oo | 03 63 
1330 | oo | | oo | | 80 [| 
1382 | oo | | oo | 76 
1350 | oo | 04 97 
1349 | 00 | 01 47 
1351 iV 00 | 01 77 
1365 | oo | 01 74 
1364 | oo | 07 54 
1367 = 00 | | oo | 50 
1372 | oo i | oo | 719 
1471 | oo | 01 72 
2345 | oo | | oo | 41 
1534 | oo | | oo | 02 
1541 | oo | 02 92 
1542 | oo | 13 17 
1540 | oo | 01 29 
1575 | 00 | | 00 | 29 


12 THE GAZETTE OF INDIA : EXTRAORDINARY 


[PART II—SEC. 3(ii)] 


SCHEDULE 
Block-Mandu Dist.-RAMGARH State: JHARKHAND 
Mouja / Thana No. Survey / Plot Sub-Div-No. Area 
No. Hectare Are Sq.mtr. 
1 2 3 | 4 | 5 | 6 [| 

1576 | 00 | 07 30 

1577 = 00 | |_09 | 97 

1598 | oid 46 37 

1579 | oo | 01 | 60 | 

1582 | oo | 16 59 

1634 | 00 | 15 | 80 [| 

1635 | 00 | 02 73 

BUMRI 908 | oo | 02 67 

THANA NO.131 334 | oo | | oo | 87 

335 | 00 | 12 67 

336 | 00 | 02 10 

337 | oo | 01 34 

KANJGI 1 | 00 | 01 47 

THANA NO.141 55 | oo | | oo | 26 

41 | 00 | | oo | 46 

54 | 00 | 02 45 

53 | oo | 04 56 

51 | oo | 04 44 

49 | oo | 03 | 68 | 

48 | oo | | oo | 02 

47 | 00 | | oo | 28 

158 | 00 | 01 7 

157 | 00 || 01 28 

159 | oo | 01 | 06 [| 

155 | oo | | oo | 59 

156 | 00 | 04 58 

162 | oo | 02 11 

303 | 00 | | 08 | 14 

146 | oo | 01 65 

304 | 00 | 02 61 

302 t= 00 | 01 40 

651 | 00 | 01 | 9s 

298 | oo | | oo | 22 

299 | 00 | 02 23 

658 | oid 04 46 

659 | 00 | | oo | 16 

663 | oo | | oo | 57 

| 660 [|[|[| hz aa 03 | 6599 | 

685 | 00 | 04 28 

684 | oo | 01 61 

680 | oo | 01 95 

681 | 00 | | oo | 04 

679 | oo | 05 48 

674 | oo | 02 10 

720 f= 00 | 05 83 

718 | 00 | 01 17 

716 | 00 | 01 82 

717 | 00 | 07 67 

714 | oo | | oo | 13 

775 | oid 01 46 

713 | 00 | 05 30 

776 | 00 | 03 63 

773 | 00 | 04 | 66 [| 

770 | 00 | | oo | 81 

7712 | 00 | | _09 | 41 


[भागता---खण्ड 3(ii)] 


भारत का राजपत्र : असाधारण 


73 


SCHEDULE 
Block-Mandu Dist.-RAMGARH State: JHARKHAND 
Mouja / Thana No. Survey / Plot Sub-Div-No. Area 
No. Hectare Are Sq.mtr. 
1 2 3 | 4 | 5 | 6 [| 
771 | 00 | 04 75 
796 | oo | 02 88 
792 | oo | 05 a ae 
795 | oo | 05 10 
794 | oo | 03 | 66 [| 
790 | 00 | | oo | 51 
791 iV 00 | | oo | | 9 | 
788 | 00 | | 08 | 74 
914 | 00 | | oo | | 98 | 
915 | oid 01 | 98 | 
916 | 00 | | oo | 77 
924 | oo | | oo | 83 
930 | oo | | oo | 01 
929 | 00 | | oo | 74 
1030 | 00 | 16 50 
927 | 00 | 10 43 
1031 | oo | 03 64 
1009 i; — 00 | | 08 | 40 
PHULSARAI 1806 | 00 | 11 10 
THANA NO.142 1753 | oo | 03 | 80 [| 
1764 | oo | | oo | 13 
1763 | oo | 03 54 
1761 | oo | | oo | 92 
1762 | oo | | oo | 01 
1760 | oo | 01 18 
1758 | 00 | | _08 | 20 
1757 | 00 | | oo | 51 
1759 | 00 | 13 73 
1686 | oo | 07 | 86 [| 
1688 | oo | | 06 | 47 
1671 | 00 | 35 15 
1678 | oo | 01 | 9 | 
1674 | 00 | 02 26 
1190 | oo | 02 64 
1188 | 00 | 13 14 
1182 | 00 | | oo | 58 
1178 | oo | 04 41 
1176 | 00 | | oo | 13 
1175 | 00 | 07 81 
1174 | oo | 01 43 
MANUA 539 | oo | 03 03 
THANA NO.139 544 | oo | 01 81 
549 | 00 | | _ 08 | 57 
548 | oo | | oo | 83 
505 N= 30085 | | oo | 02 
504 | oo | | oo | 31 
503 | 00 | 07 18 
500 | oo | 04 76 
499 | oo | 04 29 
498 | 00 | 03 11 
586 | oi 05 65 
585 | 00 | | oo | 12 
584 | oo | | oo | 17 
579 | 00 | | oo | 01 
587 | 00 | 03 22 


74 


THE GAZETTE OF INDIA : EXTRAORDINARY 


[PART II—SEC. 3(ii)] 


SCHEDULE 


Block-Mandu 


Dist.-RAMGARH 


State: JHARKHAND 


Mouja / Thana No. Survey / Plot Sub-Div-No. Area 
No. Hectare Are Sq.mtr. 

1 2 3 | 4 | 5 | 6 [| 
577 | 00 | 08 । 50 

869 = 00 | 03 75 

867 | 00 | 03 03 

1008 | 00 | 27 56 

1030 | oo | 02 25 

1009 | 00 | 03 63 

1014 | 00 | 05 47 

1023 | oo | 02 | 66 [| 

1024 | oo | 04 01 

1025 | oo | 01 84 

1026 | oo | oo | 98 | 

1027 | oo | 01 78 

1029 I 00. | (099 | 23 

1028 | oo | (00 | 70 

1033 | 00. | 00 | 68 | 

1031 | 00 | 07 05 

987 | oo | (00 | 30 

1129 | oo | (00 | 04 

985 | oo | 07 07 

1133 | oo | 10 83 

1132 | oo | (00 | 04 

1136 | 00 | 03 81 

1131 | oo | 02 93 

1130 | oo | 07 75 

1128 | oo | 03 | 98 | 

1127 | 00 | 04 715 

1126 | 00 | 02 12 

1125 | oo | oo | 6 | 

1116 | oo | 03 31 

1175 | 00 |[ 15 07 

1176 oo | (00 | 17 

1173 oo | (00 | 13 

1177 | oo | 03 84 

1178 | oo | 01 55 

1200 | oid 03 15 

1201 | oo | 07 85 

1202 | oo | oo | 6 | 

1204 eS | 03 73 

SCHEDULE 
Block-PATRATU Dist.-RAMGARH State: JHARKHAND 
Mouja / Thana No. Survey / Plot Sub-Div-No. Area 
No. Hectare Are Sq.mtr. 

1 2 3 | 4 5 | 6 | 
POCHRA 2 | oo | 08 | 02 
THANA NO.80 178 | 00 | 28 | 98 | 
111 1 oo | 0 | 25 
110 | oo | 01 | 9s 
115 | oo | 03 19 
114 a ee ee ee) 67 
125 | oo | 09 | 29 
126 | oo | 02 54 
124 | oo | oo | 59 
121 |__ 00 [| 10 49 


[भागता---खण्ड 3(ii)] 


भारत का राजपत्र : असाधारण 


75 


SCHEDULE 
Block-PATRATU Dist.-RAMGARH State: JHARKHAND 
Mouja / Thana No. Survey / Plot Sub-Div-No. Area 
No. Hectare Are Sq.mtr. 
1 2 3 |_4 | 5 | 6 | 
122 | oo | 01 27 
91 | 00 | 05 63 
| 99 | | oo | oo | 31 
88 | oo | oo | 26 
| 89 | | 00 | 02 88 
55 | oo | 0 | 84 
87 = | 01 04 
56 | 00 | 01 36 
57 | oo | 05 | 86 | 
61 a | 02 37 
59 | oo | 02 18 
| 68 | | oo | 0 | 72 
39 | 00 | 34 29 
25 | oo | oo | 01 
27 | oo | 001 98 | 
29 | oo | 03 28 
31 | oo | 02 50 
28 LF; = 20 ——] S06" | 31 
34 | oo | 12 | 86 | 
35 | 00 | 01 14 
36 | oo | 03 16 
355 | oo | 01 33 
358 Sen (00 |। 59 
357 | 00 | 04 95 
392 | oo | 01 88 
393 lj; -s 00 = “| 00 || 42 
416 | oo | 02 34 
418 | oo | 01 19 
417 | 00 | 02 52 
419 | oo | oo [ 659 | 
423 | oo | 03 59 
424 | oo | oo | 83 
431 | oo | 01 28 
432 | — S00 — = -00.— 4] 86 —_| 
433 | oo | 09 [ 96 | 
880 | 00 | 03 55 
885 | oo | 02 62 
884 | oo | 02 35 
911 | oo | 03 17 
913 | oo. | 07 63 
914 | oo | oo | 719 
915 a ee 00 | 93 
916 | oo | oo | 38 
917 | oo | 01 37 
919 | oo | oo | 48 
918 | oo | 01 | 68 | 
926 | 00 | 01 36 
927 | oo | oo | 03 
925 | oo | oo | 10 
928 LF = 0 — 00 | 54 
933 | oo | 02 49 
932 | oo | 04 | 60 | 
934 | 00 | 01 56 
941 | oo | 03 32 
942 ae ee 00 | 03 


76 


THE GAZETTE OF INDIA : EXTRAORDINARY 


[PART II—SEC. 3(ii)] 


SCHEDULE 
Block-PATRATU Dist.-RAMGARH State: JHARKHAND 
Mouja / Thana No. Survey / Plot Sub-Div-No. Area 

No. Hectare Are Sq.mtr. 

1 2 3 | 4 5 | 6 | 

938 | oo | oo | 13 

940 | oo | oo | 46 

936 | oo | 01 24 

| 966 sd | oo | 02 22 

967 | oo | 04 59 

971 | oo | oo | 54 

970 , = 007 = ti 00" —_ |] 55 

979 | oo | 01 13 

980 | 00 | 02 | 659 | 

1003 Sa 04 71 

1010 | oo | 05 | 9s 

1011 | oo | 02 72 

1001 | 00 | 01 21 

1000 | oo | 05 | 659 | 

1042 | oo | 02 32 

1044 | oo | 01 | 68 | 

1051 | oo [| 02 30 

1041 | 00 | 01 15 

1052 | oo | 02 | 89 | 

1053 | oo | 01 03 

1059 | 00 | 05 91 

1060 | oo | 01 25 

1062 | 00 | 01 92 

1063 | 00 | 02 38 

1064 | oo | 04 64 

1065 | 00 | 03 62 

1260 | 00 | 01 29 

CHHOTKAKANA 1268 | oo | 07 12 

THANA NO.79 1269 | oo | 03 | 48 

1270 | oo | 02 16 

1274 | oo | oo | 36 

1279 | oo | oo | 62 

1280 | oo | 03 38 

1278 | oo | oo | 92 

1277 | oo | 01 84 

1276 | oo | oo | 14 

1307 Se eee 08 | 11 

1309 | oo | oo | 74 

1311 | oo | 41 22 

219 | 00 | 01 37 

BARKAKANA 805 | oo | 02 16 

THANA NO.145 804 | 00 | 03 04 

803 | oo | oo | 02 

815 | oo | oo [ os | 

808 | 00 | 01 37 

807 | 00 | 01 53 

806 | 00 | 02 12 

BUJURG JAMIRA 456 | oo | 02 36 

THANA NO.81 458 | oo | 02 58 

459 | oo | oo | 23 

451 | oo | 03 19 

449 | oo. | 02 54 

443 | 00 | 01 | 6599 | 

445 | oo | 02 04 

437 | _ 00 [| 03 78 


[भागता---खण्ड 3(ii)] 


भारत का राजपत्र : असाधारण 


77 


SCHEDULE 
Block-PATRATU Dist.-RAMGARH State: JHARKHAND 
Mouja / Thana No. Survey / Plot Sub-Div-No. Area 
No. Hectare Are Sq.mtr. 
1 2 3 |_4 | 5 | 6 | 
436 | oo | 01 82 
431 | 00 | 01 85 
429 | oo | 04 | 80 | 
423 | 00 | 03 | 80 | 
421 | 00 | 03 40 
408 | oo | 03 46 
407 = [| 05 45 
398 | oo | 04 94 
397 | oo | 01 70 
396 | 00 | 01 51 
393 | oo | 07 33 
380 | oo | oo | 58 
378 | 00 | 01 72 
377 | oo | 09 | 67 
325 | 00 | 01 85 
364 | oo | 00 | 01 
361 | 00 | 03 78 
360 | 00 | 02 23 
355 | oo | 03 72 
831 | oo | 01 53 
832 | oo | 02 97 
850 | oo | 05 | 86 | 
849 | oo | 02 | 89 | 
840 | oo | oo | 65 
848 | oo | 01 46 
841 |__00.._ (00 | 46 
847 | oo | 0 | 64 
846 | oo | oo | 24 
876 | 00 | 01 46 
874 | oo | 01 45 
873 | 00 | 05 13 
872 | oo | oo | 71 
1062 | oo | oo [ 68 | 
1078 | 00 | 02 62 
1344 | oo | 01 30 
1343 | 00 | 04 52 
1342 | 00 | 05 38 
1341 | oo | 0 | 48 
1340 | oo | 15 32 
1355 | oo | oo | 91 
1356 | oo | oo | 18 
1363 | 00 | 07 25 
1358 | oo | oo | 01 
1362 | oo | 04 38 
1361 | 00 | 03 21 
1360 | oo | oo | 12 
1463 | 00 | 02 35 
1421 | oo | 02 67 
1462 | oo | 03 92 
1461 | = 00 | 05 71 
1423 | oo | oo | 01 
1424 | 00 | 05 | 66 | 
1449 | oo | oo | 45 
1448 | oo | 04 23 
1446 ae ae 00 | 57 


78 


THE GAZETTE OF INDIA : EXTRAORDINARY 


[PART II—SEC. 3(ii)] 


SCHEDULE 
Block-PATRATU Dist.-RAMGARH State: JHARKHAND 
Mouja / Thana No. Survey / Plot Sub-Div-No. Area 
No. Hectare Are Sq.mtr. 
1 2 3 |_4 | 5 | 6 | 
1426 | oo | 04 49 
1429 | 00 | 05 | 96s 
1430 | oo | (06 | 97 
1431 | oo | oo | 67 
1437 | oo | 05 | 8s 
1436 | oo | 05 17 
1810 = | 02 13 
1750 | oo | oo | 86 | 
1746 | oo | 08 | 47 
1744 a a 02 37 
1726 | oo | 06 | 88 
1724 | 00 | 03 81 
1723 | 00 | 01 25 
1719 | oo | 13 63 
1722 Se aa 08 | 15 
1714 | oo | (00 | 53 
1713 | oo | oo | 6 | 
1712 = S00 — = 00" |। 32 
1710 | oo | 05 29 
1709 | oo | (00 | 03 
1700 | oo | 12 40 
1703 | oi 03 82 
1811 | oo | 09 | 35 
1697 | oo | (00 | 63 
1698 | oid 05 | 86s 
1699 | oo | oo | 6 | 
1666 | = 00 [| 23 48 
SCHEDULE 
Block-Ramgarh Sadar Dist.-RAMGARH State: JHARKHAND 
Mouja / Thana No. Survey / Plot Sub-Div-No. Area 
No. Hectare Are Sq.mtr. 

1 2, 3 | > दइ4 | 5 = + | 
HESLA 850 |_ 0 | 7 33 
THANA NO.138 849 | oo | 00 | 76 
851 1 00 | 01 17 
863 | 00 | 10 56 
877 | 00 | 01 07 
867 | _00_ | 07 | 69 [| 
866 | 00 | 04 78 
893 1 00 | 22 44 
894 | oo | 04 | 09s" 
| 900s | 00 | 01 | 08 | 
899 | oo | 01 | 98 | 
901 | oo | oo | 83 
673 | 00 | 04 14 
902 | 00 | 07 is = 86 = | 
MARRAMKALA 1036 | 00 | 33 78 
THANA NO.91 1032 | oo | oo [| 06 | 
1031 | 00 | 12 71 
1030 | oo | oo | 67 
1029 | 00 | 10 88 
1 | 00 | 05 92 
2 | 00 | 04 62 


[भागता---खण्ड 3(ii)] 


भारत का राजपत्र : असाधारण 


79 


SCHEDULE 
Block-Ramgarh Sadar Dist.-RAMGARH State: JHARKHAND 
Mouja / Thana No. Survey / Plot Sub-Div-No. Area 

No. Hectare Are Sq.mtr. 

1 2 3 | 4 | 5 | 6 

3 | 00 | 05 12 

4 | 00 | 02 39 

5 | oo | 18 20 

40 | oo | 07 | 9% | 

1012 | 00 | 05 | 69 | 

1013 | oo | (06 | 13 

1016 | 00 | 03 72 

1037 | oo | 48 27 

1017 | 00 | 07 | 80 | 

1018 |__00_ | 03 91 

1038 | oo | 86 | 72 

1039 | oo | oo | 67 

1154 | oo | 9 | 21 

1147 | 00 | 02 34 

1150 | oo | oo | 18 

1151 | 00 | 03 | oo | 

1065 | oo | oo | 78 

1179 - = 00 | 03 63 

1177 | oo | oo | 9 | 

1181 | _00__| 00 | 12 

1180 | oo | 0 | 91 

1054 | 00 | 04 85 

881 | oo | 11 54 

880 | 00 | 36 72 

700 |__00__|[ 0 | 17 

| 699s” |__ 00 | 02 33 

701 | oo | oo | 46 

702 | 00 | 04 21 

704 | _00__| 00 | 14 

705 | 00 | 03 | 80 | 

706 | oo | oo | 01 

709 | oo | 05 02 

714 | 00 | 01 48 

713 | 00 | 03 93 

712 | oo | oo | 33 

716 | oo | 05 41 

717 | oo | oo | 01 

813 | oo | oo | 35 

814 | oo | oo | 18 

RAMGARH 1022 | 00 | 21 39 

THANA NO.82 1021 | 00 02 04 

1023 | _00__| 08 | 11 

1031 | oo | oo | 64 

KANKEBAR 469 | oo | oo | % | 

THANA NO.97 468 | oo | 01 | 90 | 

467 | 00 | 01 01 

471 | oo | 02 35 

466 | oo | 05 | oo | 

498 | oo | 10 19 

499 | oo | 03 17 

316 | 00 | 07 46 

315 | oo | 02 56 

614 | oo | oo | 01 

314 | 00 | 02 55 

311 | o | oo | 18 


80 


THE GAZETTE OF INDIA : EXTRAORDINARY 


[PART II—SEC. 3(ii)] 


SCHEDULE 
Block-Ramgarh Sadar Dist.-RAMGARH State: JHARKHAND 
Mouja / Thana No. Survey / Plot Sub-Div-No. Area 
No. Hectare Are Sq.mtr. 
1 2 3 = काम 5 | 6d 
313 | _00__| 00 | 10 
312 | _00__| 00 | 10 
319 | oo | 03 | 00 | 
320 | oo | oo | 02 
321 | 00 | 02 | 39s 
322 | 00 | 03 03 
323 | 00 | 03 14 
352 | oo | 01 31 
351 | oo | 04 | 89 sid 
330 a | 01 74 
331 | 00 | 07 34 
332 | oo | 0 | 53 
333 | oo | 03 14 
334 | oo | oo | 22, 
335 a ae 02 77 
340 | 00 04 | 86s” 
341 | _00__| 00 | 81 
169 | 00 | 02 47 
168 | oo | 02 88 
171 | 00 | 07 74 
174 | 00 | 01 |_99 | 
173 | oo | 01 36 
144 | 00 | 04 95 
143 | 00 | 01 31 
146 | 00 | 01 18 
141 | 00 | 02 82 
525 | 00 | 02 21 
139 | oo | oo | 02 
526 | 00 | 03 39 
137 1 oo | 03 22 
529 | oo | 02 37 
528 | oo | oo | 49 
530 | 00 | 01 | 00 | 
531 | 00 | 04 94 
532 | _00__| 00 | 01 
537 | _00__| 00 | 45 
546 | _00__| 00 | 79 
535 | oo | oo | 07 
536 | 00 | 01 67 
547 | 00 | 04 61 
548 | oo | oo | 38 
551 | oo | oo [| 86 | 
588 | oo | 01 52 
589 | oo | 02 01 
590 a | 01 35 
594 | 00 | 03 59 
595 | oo | 03 | 69s 
596 | 00 | 01 18 
598 | oo | 00 | 31 
597 | oo | 0 | 715 
KOTHAR 467 | 00 | 01 34 
THANA NO. 88 470 | 00 | 04 16 
468 | _00__| 00 | 31 
469 | oo | 01 83 
473 | _00_ | 07 30 


[भागता---खण्ड 3(ii)] 


भारत का राजपत्र : असाधारण 


81 


SCHEDULE 
Block-Ramgarh Sadar Dist.-RAMGARH State: JHARKHAND 
Mouja / Thana No. Survey / Plot Sub-Div-No. Area 
No. Hectare Are Sq.mtr. 
1 2 3 |4 | 5 a ae 
474 | 00 | 01 01 
478 R= _00__| 00 | 13 
476 | oo | oo | 07 
477 | 00 | 02 85 
479 | oo | 03 50 
485 | oo | 00 | 04 
483 | oo | 00 | 52 
486 | oo | oo | 01 
484 | 00 | 02 11 
503 | oo [| oo [| 69 | 
504 | oo | 01 | 06 [| 
506 | _00_ | 01 92 
508 | 00 | 01 13 
499 | 00 | 04 39 
511 | oo | 03 Sz ae 
513 | 00 | 10 52 
515 | 00 | 01 22 
517 = = O02 | 10 | 86 | 
523 | oo | 00 | 58 
519 | 00 | 03 57 
520 | oo | 0 | 71 
1856 | 00 | 01 49 
1857 | 00 | 04 14 
1858 | oo | 05 82 
1863 | 00 | 01 31 
1871 | 00 | 01 12 
1861 | oo | 00 | 21 
1862 1 oo | 00 | 77 
1872 | oo | 02 | 86 | 
1873 | _00__| 00 | 73 
JARAHADIH 52 | 00 | 01 58 
THANA NO. 90 51 | oo | 0 | 02 
| 66 | | 00 | 02 26 
T= 68 | = = O02 — "| 02 18 
AD | oo [| oo [| 86 | 
71 | 00 | 01 14 
73 | oo | 03 63 
74 1 oo | 07 45 
103 | 00 | 05 47 
106 | oo | oo | 49 
104 | 00 | 04 19 
101 a 03 36 
102 | oo | 00 | 05 
| 986s” | 00 | 02 | 86s 
121 1 00 | 01 | 00 | 
119 | 00 | 01 26 
120 | _00__| 00 | 73 
123 | 00 | 01 84 
124 | oo | oo | 07 
125 = 00 | 02 97 
132 | _00__| 00 | 52 
127 | 00 | 04 50 
129 | _00_ | 05 20 
130) | oo | 02 15 
393 | 00d 04 40 


82 


THE GAZETTE OF INDIA : EXTRAORDINARY 


[PART II—SEC. 3(ii)] 


SCHEDULE 
Block-Ramgarh Sadar Dist.-RAMGARH State: JHARKHAND 
Mouja / Thana No. Survey / Plot Sub-Div-No. Area 

No. Hectare Are Sq.mtr. 

1 2 3 |4 | 5 |__6 /|/।| 

37 | _00_ | 11 55 

394 a | 03 07 

401 | 00 | 04 02 

402 | oo | 04 | 90s" 

403 | oo | 01 92 

404 | _00__| oo | 10 

405 | 00 | 02 | 09 

412 | 00 | 05 40 

417 | 00 | 04 39 

419 | 00 | 02 76 

421 | 00 | 03 44 

422 | _00_ | 03 |_ 09 [| 

423 | oo | oo | 66 | 

426 | 00 | 17 14 

424 | 00 | 04 02 

425 | _00__| oo | 04 

433 | _00__| 00 | 03 

BURHAKHUKHRA 1022 = 00 | 02 14 

THANA NO. 98 1 | 00 | 07 12 

53 | _00_ | 01 59 

56 | oo | 13 | 39s 

63 | 00 | 03 27 

67 | oo | 03 | 90s" 

59 | oo | 08 | 39 

ye = 99 = 3 | 00 | 05 25 

100 fe 00 | 01 44 

200 | 00 | 13 41 

180 | 00 | 07 11 

178 | _00__| 00 | 48 

179 | 00 | 01 28 

182 | oo | 00 | 11 

190 | 00 | 03 97 

191 | _00__| 00 | 83 

192 | 00 | 01 71 

193 | oo | 05 | 988s 

172 | 00 | 01 95 

171 | 00 | 05 34 

131 | oo | oo | 59 

132 | oo | 0 | 46 

133 | oo | oo | 14 

134 | 00 | 07 54 

135 | oo | oo | 06 | 

164 | oo | 07 | 06s 

163 | oo | 01 57 

162 a | 03 40 

GANDKE 1632 | 00 | 05 85 

THANA NO. 99 1633 | _00__| 00 | 01 

1634 | 00 | 02 |_ 08 | 

1635 | 00 | 01 63 

1636 | oo | 01 40 

1637 | 00 | 02 | 96S 

1638 | oo | 05 91 

1640 | oo | 03 30 

1626 | 00 | 02 22 

1625 | _00__| 00 | 29 


[भाग [ave 3(ii)] 


भारत का राजपत्र : असाधारण 


83 


SCHEDULE 
Block-Ramgarh Sadar Dist.-RAMGARH State: JHARKHAND 
Mouja / Thana No. Survey / Plot Sub-Div-No. Area 

No. Hectare Are Sq.mtr. 

1 2 3 |4 | 5 a ae 
1624 | 00 | 05 20 
7107 a | 03 97 
530 | oo | 02 26 
528 | oo | 04 | 60 | 
529 | 00 | 02 17 
546 | 00 | 07 14 
544 | _00__| 08 | 33 
534 | _00__| 00 | 01 
537 | oo | 13 81 
543 | _00__| 00 | 01 
538 | oo | 01 07 
703 | 00 | 05 | 08 | 
695 | oo | 10 | 96s 
694 | oo | oo | 22 
| 696 | | _00__| 00 | 77 
697 | oo | 00 | 48 
7710 | 00 | 02 20 
769 f= = 00.2 — "l= 00 | 03 
771 | 00 | 01 | 89 [| 
773 | _00__| (09 | 20 
685 | oo | 02 84 
684 | 00 | 01 21 
683 | oo | 01 75 
686 | oo | 02 74 
681 | _00__| 00 | 84 
680 i _00_ | 01 41 
679 | 00 | 01 81 
677 | _00_ | 05 76 
676 Ee _00__| 00 | 40 
931 | 00 | 01 50 
675 | = OG = =i) 00 | 04 
933 | oo | oo | 01 
934 | oo | 0 | 99 | 
942 a a 05 | 69s 
948 | _00__| (09 | 38 
955 | oo | 03 92 
957 | 00 | 03 67 
959 | oo | 02 70 
958 | oo | 00 | 48 
968 | oo | 01 | 68s 
967 | oo | 00 | 93 
971 | 00. | 00 | 21 
970 | 00 | 03 | 86 sid 
972 | _00__| 00 | 01 
973 | oo | 01 92 
974 | 00 | 01 29 
978 | oo | 00 | 19 
977 | 00 | 01 49 
976 | oo | oo [| 89 | 
979 |_ _00_ | 03 27 
980 ce. _00__| 00 | 61 
1447 | _00__| 00 | 39 
982 | 00 | 01 12 
981 | oo | 00 | 01 
983 | _00_ | 05 19 


84 


THE GAZETTE OF INDIA : EXTRAORDINARY 


[PART II—SEC. 3(ii)] 


SCHEDULE 
Block-Ramgarh Sadar Dist.-RAMGARH State: JHARKHAND 
Mouja / Thana No. Survey / Plot Sub-Div-No. Area 
No. Hectare Are Sq.mtr. 
1 2 3 |4 | 5 a ae 
984 | 00 | 01 34 
985 | _00__| 00 | 04 
986 | _00__| 00 | 01 
1048 | oo | 07 | 90s" 
1047 | _00__| 00 | 01 
1046 | oo | oo | 16 
994 | 00 | 05 67 
998 | oo | 04 31 
995 | oo | 0 [| 6 | 
|_ 996 sd | _00__| 00 | 11 
1390 | oo | 03 50 
1391 | 00 | 05 28 
1431 ee _00__| 00 | 15 
1428 | oo | oo | 24 
1392 | 00 | 07 01 
1393 | _00_ | 01 95 
1422 | 00 | 01 | 69 [| 
1421 | _00__| 00 | 15 
1420 | oo | 03 84 
1419 | 00 | 01 |_66 | 
1551 | 00 | 01 | 99 
1553 | oo | 04 24 
1554 | oo | (09 | 52 
1560 | oo | 04 30 
1562 | 00 | 01 76 
1556 i 00. | 05 | 60 | 
1566 | oo | os | 90 | 
1568 | oo | oo | 18 
LOLO 3105 | _00__| 00 | 73 
THANA NO. 107 3106 | _00__| 00 | 84 
3107 | oo | 0 | 03 
3111 1 00 | 01 22 
3119 | oo | oo | 02 
3121 | 00 | 02 | 86 [| 
3120 | oo | oo | 11 
3123 | oo | oo | 18 
3122 | 00 | 04 32 
3201 | 00 | 01 97 
3136 | oo | 00 | 15 
3190 | oo | 07 10 
3189 | 00 | 01 72 
3188 | _00__| 00 | 43 
3187 | 00 | 01 14 
3186 | oo | 00_| 60 | 
3185 a | 04 18 
3184 | oo | oo | 31 
3183 | oo | 01 15 
3163 | _00_ | 05 59 
3169 | _00_ | 01 19 
3168 | oo | 03 | 08 | 
3170 | 00 | 02 84 


[भाग 1---खण्ड 3(ii)] भारत का राजपत्र : असाधारण 85 
SCHEDULE 
Block-DULMI Dist.-RAMGARH State: JHARKHAND 
Mouja / Thana No. Survey / Plot Sub-Div-No. Area 

No. Hectare Are Sq.mtr. 
1 2 3 La | 5 | 6 | 
GODATU 31 OO O86 | 
THANA NO.101 32 | 00 | 03 81 
102 | 00 | 03 36 
104 | oo | oo | 29 
103 | oo | 04 82 
101 | oo | 02 54 
100 | oo | 02 49 
| eee | oo | o2 | #46 | 
| 8s | oo | 02 83 
177 | oo | oo | 60 | 
178 1 00 | oo | 05 
179 | oo | oo | 02 
95 1 oo | os | 04 
183 | oo [| 01 74 
181 | 00 ae | 04 
184 | 00 | 03 30 
185 | 00 | 05 44 
186 ae: ae 00 | 65 
190 | oo [| ol 74 
188 | oo | oo | 82 
191 1 oo | oo | 64 
189 | 00 | oo | 17 
192 ee | 03 95 
76 | oo | oo | 11 
262 ee | 03 43 
74 | oo | 0 | 0 | 
73 | 00 | 02 12 
72 | oo | oo | 19 
263 | 00 [| 01 05 
264 | oo | 06 | 57 
265 | oo | oo | 39 
267 | oo | 04 58 
572 1 oo | oo | 62 
268 | 00 | oo | 29 
570 | 00 | 01 56 
569 | oo | 02 14 
568 | oo | 02 44 
567 | oo | 02 15 
566 1 oo | oo | 84 
564 | oo | 04 51 
571 1 oo | oo | 52 
534 | oo | 02 05 
640 | oo | 02 72 
638 | oo | 02 70 
639 | oo [| 01 71 
637 | oo [| 01 03 
667 | oo | 02 77 
| 609 | | 00 | 03 05 
608 | oo | 01 _ | 66 | 
607 | oo | 01 | 68 | 
| 606 | | oo [| ol 88 
605 hn an | 01 | 96 [| 
601 | oo | 04 18 
| 600 | | oo | oo [| 99 | 
697 | 00 | 00 | 57 


86 


THE GAZETTE OF INDIA : EXTRAORDINARY 


[PART II—SEC. 3(ii)] 


SCHEDULE 
Block-DULMI Dist.-RAMGARH State: JHARKHAND 
Mouja / Thana No. Survey / Plot Sub-Div-No. Area 

No. Hectare Are Sq.mtr. 

1 2 3 ee eee 5 | 6 | 

599 | 00 | oo | 07 

701 | 00 | o7 72 

| 699 | | oo | oo | 38 

700 | oo | oo | 48 

702 | 00 | oo | 43 

703 | oo | 05 36 

716 | 00 | 01 26 

717 | oo | os | 23 

712 LOO = | 02 | 86 | 

715 | 00 [| 01 14 

711 | 00 [| 01 42 

725 | 00 | 03 44 

1425 | 00 | 03 78 

726 | oo | 01 33 

727 | 00 | 06 | 12 

729 | oo | os | 54 

769 | oo | 04 32 

770 | oo | 02 12 

771 | 00 | 04 44 

LAPALONG 256 ee 05 13 

THANA NO.106 259 | oo | 02 21 

257 1 00 | oo | 21 

258 | oo [| 01 23 

247 1 00 | oo | 61 

248 | oo | 0 | 9% | 

250 | oo | oo | 03 

245 | oo | 02 88 

243 hn ane a 87 

240 | 00 | 02 62 

239 | oo | o | 6 | 

235 | 00 [| 01 37 

236 | 00 | oo | 44 

234 | oo | 10 97 

230 | 00 | 01 41 

226 | oo | 04 27 

222 | oo | o9 | 76 

225 | 00 [| 01 83 

224 | oo [| 01 62 

315 | oo | 02 38 

314 | oo | 02 94 

312 | oo | 04 40 

207 | 00 [| 01 45 

322 | oo | wu 12 

324 | 00 | oo | 12 

KITMA 105 | 00 | oo | 03 

THANA NO.103 106 | oo | 04 58 

107 | 00 [| 03 50 

110 | oo | oo | 04 

109 | oo | 02 03 

125 | oo | oo [| «0 | 

124 | oo | 0 | oO | 

123 1 oo | oo | 03 

121 1 oo | oo | 14 

122 | 00 [| 01 52 

74 | 00 | 06 | 50 


[भाग avs 3(ii)] 


भारत का राजपत्र : असाधारण 


87 


SCHEDULE 
Block-DULMI Dist.-RAMGARH State: JHARKHAND 
Mouja / Thana No. Survey / Plot Sub-Div-No. Area 
No. Hectare Are Sq.mtr. 
1 2 3 a ae 5 | 6 | 
72 | oo | ol 05 
49 | oo | 02 63 
48 | 00 [| 01 59 
47 | oo | 01 [| 66 | 
52 | oo | 05 04 
53 | oo [| 01 67 
24 | oo | 06 | 26 
23 | oo | 04 35 
57 | oo | oo | 11 
ICHATU 1313 | oo | 04 40 
THANA NO.102 1325 | oo | 04 | #46 | 
1326 | oo | oo [| 0 | 
1306 | oo | 02 35 
1305 1 oo | oo | 51 
1304 a ae ee 01 
1331 | oo | 02 34 
1332 | oo | o7 [| 06 | 
2288 | oo | 02 28 
2289 | oo | 02 07 
2286 | 00 | 01 03 
2290 | oo | 03 | oO | 
2291 | 00 | 07 34 
2293 | oo | oo | 02 
1297 | oo | oo | 72 
1296 | oo [| 01 97 
1295 | 00 | 01 75 
1294 1 oo | oo | 74 
1293 | oo | 02 26 
859 1 oo | oo | 10 
860 | 00 [| 01 55 
2472 | 00 [| 01 45 
861 | 00 [| ol 11 
1292 | oo | oo [| 08 | 
865 | oo | oo | 78 
1291 1 oo | oo | 18 
1290 | oo | 04 37 
1289 | oo | 06 | 18 
2479 | oo [| o _| 86 | 
2480 1 00 | oo | 02 
1288 1 oo | oo | 42 
2488 | oo | oo | 22 
2494 | oo | o1 | 68 | 
2493 1 oo | oo | 47 
2495 | 00 | oo | 04 
2496 | oo | o2 | op | 
2492 1 00 | 03 65 
2497 | 00 [| 01 61 
2520 | 00 [| 01 57 
2521 | oo | oo | 02 
2498 1 oo | oo | 93 
2519 | 00 | 03 04 
2535 | oo [| 01 54 
2536 1 oo | oo | 19 
2534 | 00s | 03 70 
2568 | 00 | 02 23 


88 


THE GAZETTE OF INDIA : EXTRAORDINARY 


[PART II—SEC. 3(ii)] 


SCHEDULE 
Block-DULMI Dist.-RAMGARH State: JHARKHAND 
Mouja / Thana No. Survey / Plot Sub-Div-No. Area 
No. Hectare Are Sq.mtr. 

1 2 3 a ae 5 | 6 | 
2567 | 00 | oo | 01 
2579 | oo | 02 38 
2576 | oo [| 01 15 
2577 | 00 | 03 04 
2578 | oo | 01 | 9 | 
2575 1 oo | oo | 63 
2594 | 00 | oo | 35 
2610 | 00 [| 01 22 
2621 |_00/ | 05 87 
2622 | oo | oo [| 89 [| 
2623 1 00 | oo | 19 
2648 | 00 | 05 11 
2649 | oo | 02 20 
2651 1 00 | oo | 72 
3309 | 00 ee 30 
3308 | 00 [| ol 42 
3307 a 00. | 05 49 
3306 | oo | oo | 719 
3318 | oo | 02 38 
3317 | oo | o | 9% | 
3316 1 oo | oo | 01 
3382 | oo [| ol 84 
3381 | 00 | 03 36 
3384 | oo | o2 | 98 | 
3377 ee 03 71 
3376 | oo | o1 | 6 | 
3367 | oo | 02 29 
3370 | 00 | oo | 31 
3371 1 oo | oo | 02 
3374 | oo | 0 | #06 | 
3375 | oo | oo | 50 
3347 | 00 [| 01 95 
3349 | oo [| 01 49 
3350 | oo | oo | 49 
3348 | oo [| 01 03 
3344 | oo | 02 83 
3352 1 oo | oo | 01 
3343 | oo | 01 [| 66 | 
3342 | 00 =| 03 12 
3341 | 00 [| 01 56 
3408 | oo | 04 | 08 | 
3428 | 00 | 03 30 
3434 | oo | o2 | 0 | 
3433 | oo | 02 40 
3432 | oo | 04 42 
3506 1 oo | oo | 01 
3530 | oo | 06 | 91 
3517 | 00 | 07 13 
3518 | 00 [| 01 61 
3519 | oo | oo | 63 
3521 | oo | 04 42 
3520 | 00 | 01 65 
CHATAK 612 1 oo | oo | 47 
THANA NO.136 613 1 00 | oo | 70 
614 Sar ae 97 


[भाग avs 3(ii)] 


भारत का राजपत्र : असाधारण 


89 


SCHEDULE 
Block-DULMI Dist.-RAMGARH State: JHARKHAND 
Mouja / Thana No. Survey / Plot Sub-Div-No. Area 

No. Hectare Are Sq.mtr. 

1 2 3 ae eee 5 | 6 | 

615 | oo | 06 | 50 

617 a ae 93 

616 | oo | 05 04 

646 | oo | oo | 58 

641 | oo | i [| 89 | 

628 | oo | 0 | oo | 

1263 | oo | 02 25 

1410 | oo | 05 71 

1409 | oo | 02 12 

1483 1 00 | oo | 12 

1406 | oo | 04 17 

1405 | oo | oo | 05 

1487 | oo | 04 50 

1403 1 00 | oo | 40 

1404 le aGOre SOG 98 [| 

1498 1 00 | oo | 54 

1568 | oo | 03 26 

1578 | 00 | 03 35 

1579 | oo | 0. | 06 | 

1580 | 00 | 05 79 

1575 | oo | oo | 58 

1582 | oo | o2 | 60 | 

1584 an ee | 08 [| 

1586 | oo | 04 42 

1601 | oo | 31 94 

1594 | oo | 01 54 

1592 | oo | 06 | 19 

1605 | 00 | 03 62 

1608 | oo [| 01 62 

1609 | oo | 02 51 

JAMSINGH 1227 | 00 | 03 57 

THANA NO.135 1213 | 00 | 30 02 

1216 1 oo | oo | 20 

HARHADKANDER 1213 | 00 | 31 97 

THANA NO.137 1217 | 00-08 10 

1215 | oo | 02 92 

1227 | oo | os | 18 

1236 | 0 | 03 42 

1238 | oo | 04 47 

1239 1 oo | oo | 04 

1241 | 00 | 03 53 

1251 | oo | 03 | #6 | 

1243 1 00 | oo | 25 

1250 | 00 | 01 21 

1249 | oo | 02 70 

1248 | oo | 02 41 

1244 | oo | oo | 26 

1245 | oo | 02 21 

1268 | 00 [| 01 14 

BOGAI 1 | oo | 01 11 

THANA NO.138 50 | 00 | 07 22 

54 | oo | 02 94 

58 | oo [| 01 32 

59 | oo [| 01 76 

61 |00/ [| 03 31 


90 


THE GAZETTE OF INDIA : EXTRAORDINARY 


[PART II—SEC. 3(ii)] 


SCHEDULE 
Block-DULMI Dist.-RAMGARH State: JHARKHAND 
Mouja / Thana No. Survey / Plot Sub-Div-No. Area 
No. Hectare Are Sq.mtr. 
1 2 3 a | 5 | 6 | 
63 1 oo | oo | 03 
62 | oo | 0 | 70 
84 | 00 | 07 82 
85 1 00 | oo | 04 
| 86 | | oo | oo | 91 
189 | oo | 0 | #6 | 
166 | oo | oo | 23 
188 | oo | 06 | 19 
187 | oo | 04 88 
186 | oo | oo | 01 
196 | oo | 05 10 
195 EK | 03 55 
199 | oo | oo | 01 
200 | oo | 12 | 98 | 
219 | 00 ee 46 
218 | oo | oo | 66 | 
209 | 00 | 03 65 
207 | oo | o9 | 94 
210 1 oo | oo | 13 
211 | oo [| 01 20 
212 | 00 [| 01 77 
502 | 00 | 03 38 
503 ee 03 81 
504 | oo | oo | 719 
501 | oo | oo | 64 
1219 ae ae (07 48 
1224 1 00 | oo | 44 
1220 | oo | oo | 01 
1225 | oo | oo | 27 
1223 | oo | 04 03 
1226 a ee  00_| 08 [| 
1222 | oo [| ol 85 
1394 1 oo | 06 | 91 
1390 | oo [| o | 9% | 
1395 | oo [| o1 | 06 | 
1367 | oo | oo | 02 
1368 | 00 [| 01 42 
1370 | oo | o9 | 67 
1363 1 oo | oo | 01 
1371 | oo [| ol 79 
1334 | oo [| ol 55 
1320 | oo | oo | 01 
1319 | oo | 02 20 
1317 | oo | 0 | #0 | 
1304 1 oo | os | 51 
1303 | 00 | 03 37 
1302 | oo | oo | 74 
1301 | oo | o1 | 80 | 
1287 | oo | 02 35 
1140 | 00 | 03 95 
1139 1 00 | oo | 47 
1138 | oo | oo | 62 
1105 | 00 [| 01 72 
1106 | oo [| 01 02 
1137 | oo | oo [| 80 | 


[भागता---खण्ड 3(ii)] 


भारत का राजपत्र : असाधारण 


91 


SCHEDULE 
Block-DULMI Dist.-RAMGARH State: JHARKHAND 
Mouja / Thana No. Survey / Plot Sub-Div-No. Area 

No. Hectare Are Sq.mtr. 

1 2 3 ee ee 5 | 6 [| 

1107 | oo | 06 | 17 

1135 | 00 [| 01 05 

1131 1 oo | 06 | 18 

1129 | oo | 02 35 

1124 | oo | oo | 80 | 

1123 | oo | oo | 60 | 

1121 | oo | m4 [| 98 | 

1119 | oo | 02 26 

1117 | 00 | 03 37 

PANCHA 184 | 00 [| 01 41 

THANA NO.139 185 | oo | oo | #60 | 

191 | oo | oo | 31 

192 | 00 | 03 25 

194 | oo [| ol 79 

195 | oo | 02 71 

201 | 00 | oo | 55 

200 | 00 | oo | 59 

199 a: ae a | 46 

198 | oo | 01 [| 6 | 

197 | oo | 01 | 9 | 

216 | oo | 0 | #0 | 

217 1 oo | oo | 84 

218 | oo | oo | 71 

207 | 00 | 03 21 

345 | 00 [| 01 92 

344 | 00 [| 01 75 

KULHI 578 | oo | 12 15 

THANA NO.168 575 | oo | 0 [| 99 | 

579 1 oo | os | 37 

603 1 oo | oo | 91 

602 a ee 00_| 08 [| 

| 690 | | oo | oo | 52 

689 | 00 | 03 57 

688 1 oo | oo | 46 

687 | oo | 02 84 

686 1 00 | oo | 55 

683 | oo | 06 | 13 

682 | 00 | 03 92 

681 | 00 | 03 54 

680 | oo [| 01 52 

679 | 00 | 03 04 

678 | oo | oo [| 86 | 

674 | oo | o2 | 98 | 

676 | oo | 02 07 

675 | 00 | 03 07 

| 669 | | oo | oo | 07 

670 | oo | 02 03 

| = 660——=*/F | 00 [| 01 24 

661 1 oo | oo | 01 

667 | oo | 05 14 

| 666 _ |[|[| 1 00 | oo | 18 

665 | oo | 02 73 

7159 | oo [| 01 18 

893 | 0 | 03 01 

894 | 00 [| 01 49 


THE GAZETTE OF INDIA : EXTRAORDINARY [PART II—SEC. 3(ii)] 


SCHEDULE 
Block-DULMI Dist.-RAMGARH State: JHARKHAND 
Mouja / Thana No. Survey / Plot Sub-Div-No. Area 
No. Hectare Are Sq.mtr. 
1 2 3 | 4 #| 5 | 6 | 
896 pO 10 24 
897 | | | ०0 | 45 
885 pO | 90 | 71 
899 pO 02 85 
901 | | | ०0 | 01 
883 pO | 96 | 31 
882 | | | ०0 | 54 
881 | | | ०0 | 51 
876 | | | ०0 | 51 
880 pO | ०0 | 50 
879 pO | ०0 | 20 


[F. No. L-14014-18-2024-GP-II (E-49647)] 
RAMJI LAL MEENA, Under 86८५. 


Uploaded by Dte. of Printing at Government of India Press, Ring Road, Mayapuri, New Delhi-110064 
and Published by the Controller of Publications, Delhi-110054. sarvest kumar ii 


