रजिस्ट्री सं. डी.एल.- 33004/99 REGD. No. 0. L.-33004/99 


Wea & राजपत्र 


Che Gazette of JSndia 


सी.जी.-डी.एल.-अ.-04022023-243458 
CG-DL-E-04022023-243458 


असाधारण 
EXTRAORDINARY 
भाग [I—avs ३--उप-खण्ड (ii) 
PART IJ—Section 3—Sub-section (ii) 


प्राधिकार से प्रकाशित 
PUBLISHED BY AUTHORITY 


सं. 548] नई दिल्ली, शुक्रवार, फरवरी 3, 2023/माघ 14, 1944 
No. 548] NEW DELHI, FRIDAY, FEBRUARY 3, 2023/MAGHA 14, 1944 


पेट्रोलियम और प्राकृतिक गैस मंत्रालय 
अधिसूचना 


नई दिल्‍ली, 30 जनवरी, 2023 


का.आ. 577(अ).--केन्द्रीय सरकार, पेट्रोलियम और खनिज पाइपलाइन (भूमि में उपयोग के अधिकार का अर्जन) 
अधिनियम 1962 (1962 का 50) (जिसे इसमें इसके पश्चात उक्त अधिनियम कहा गया है) की धारा 3 की उप-धारा (1) 
भारत के राजपत्र, (असाधारण) के अधीन जारी की गयी भारत सरकार के पेट्रोलियम और प्राकृतिक गैस मंत्रालय की 
अधिसूचना संख्या का AT .2300(अ), तारीख 27 मई 2021 मे प्रकशित की गई थी, द्वारा उस अधिसुचना से संलंग्र 
अनुसूची मे विनिर्दिष्ट भूमि मे इंडियन ऑयल कॉर्पोरेशन लिमिटेड द्वरा तमिल ars राज्य मे एन्नोर- तिरुवल्लूर - बेंगलुरु 
- पांडिचेरी - नागपद्टिनम - मद्रै - टूटिकोरिन प्राकृतिक गैस पाइपलाइन के माध्यम से प्राकृतिक गैस के परिवहन के 
लिए पाइपलाइन बिछाने के प्रयोजन के लिए उपयोग के अधिकार का अर्जन करने के अपने आश्य की घोषणा की थी। 


और उक्त आधिसूचना की प्रतियाँ जनता को तारीख 11.06.2021 को उपलब्द करा दी गई थी। 


और उक्त अधिनियम की धारा 6 की उप - धारा (1) के अनुसरण में सक्षम प्राधिकारी ने केन्द्रीय सरकार को अपनी 
रिपोर्ट प्रस्तुत कर दी है। 


और केन्द्रीय सरकार का उक्त रिपोर्ट पर विचार करने के पश्चात यह समाधान हो गया है कि इस अधिसूचना से 
संलग्र अनुसूची में विनिर्दिष्ट भूमि में उपयोग के अधिकार का अर्जन किया जाना चाहिए। 


अतः अब, केन्द्रीय सरकार,उक्त अधिनियम की धारा 6 की उप-धारा(1) द्वारा प्रदत्त शक्तियों का प्रयोग करते हुए 
यह घोषणा करती है कि इस अधिसूचना के संलग्न अनुसूची में विनिर्दिष्ट उक्त ale में पाइपलाइन बिछाने के लिए उपयोग 
का अधिकार अर्जित किया जाता है। 


805 GI/2023 (1) 


THE GAZETTE OF INDIA : EXTRAORDINARY 


[PART II—SEC. 3(ii)] 


यह और कि केन्द्रीय सरकार, उक्त अधिनियम की धारा 6 की उप-धारा(4) द्वारा प्रदत्त शक्तियों का प्रयोग करते 
हुए यह निर्देश देती है कि उक्त भूमि के उपयोग का अधिकार इस अधिसूचना के प्रकाश की तारीख से केन्द्रीय सरकार में 
निहित होने की बजाए, सभी रुकावटों से मुक्त हो कर इंडियन ऑयल कॉर्पोरेशन लिमिटेड में निहित होगा | 


पैट्रोलियम और खनिज पाइपलाइन अधिनियम, 1962 की धारा 10 के अधीन किसी भी क्षतिपूर्ति के लिए इंडियन 
ऑयल कॉर्पोरेशन लिमिटेड पूर्णतया उत्तरदायी होगी और पाइपलाइन से सम्बन्धित किसी भी मामले पर केन्द्रीय सरकार के 
विरुद्ध कोई ATS दावा या कानूनी कार्यवाही नहीं हो सकेगी। 


अनुसूची 
जिला : अरियलूर राज्य : तमिल नाडु 
न . _ | उप खण्ड क्षेत्रफल 
तालुका का नाम गाँव का नाम सर्वेक्षण सं.- खण्ड सं. . 
सं. हेक्टेर एयर [| वर्ग मीटर 

1 2 3 4 5 | 6 | 7 
आंडिमदम 02. आत्तुकुरिच्लि 237 3 00 00 50 
237 2 00 03 75 

235 8ए 00 12 85 

235 7 00 08 00 

240 - 00 10 30 

228 1 00 02 05 

228 2 00 04 25 

228 3 00 00 60 

228 4 00 03 20 

228 17 00 00 40 

228 18सी 00 00 40 

229 2 00 03 95 

229 4 00 05 20 

229 17ए 00 03 60 

229 17बी 00 03 20 

229 19बी 00 06 00 

223 1 00 00 40 

223 2 00 01 10 

223 7 00 00 85 

223 8बी 00 03 90 

223 10 00 04 40 

222 7 00 04 70 

222 6 00 00 40 

222 10 00 04 10 

222 11 00 03 30 

222 18 00 00 40 

222 16 00 00 40 

222 15U 00 03 10 

216 77 00 01 20 

216 7at 00 00 65 

216 7a 00 00 40 


[भाग 1--खण्ड 3(ii)] 


भारत का राजपत्र : असाधारण 


217 
217 
211 
211 
211 
211 
211 
213 
213 
213 
152 
152 
150 
150 
150 
150 
150 
150 
150 
149 
149 
149 
149 
148 
148 
148 
148 
148 
143 
143 
143 
143 
342 
342 
144 
144 
144 
144 
336 
336 
336 
336 


02 
05 
04 
00 
00 
04 
02 
05 
07 
03 
02 
00 
00 
01 
01 
02 
02 
03 
01 
05 
03 
00 
03 
05 
03 
00 
03 
09 
01 
04 
02 
04 
02 
06 
13 
06 
00 
06 
01 
00 
01 
02 


20 
40 
20 
40 
50 
20 
70 
90 
85 
60 
40 
40 
40 
40 
30 
60 
80 
00 
65 
30 
00 
40 
60 
35 
15 
40 
60 
25 
50 
10 
35 
35 
45 
80 
15 
50 
40 
50 
60 
40 
95 
65 


THE GAZETTE OF INDIA : EXTRAORDINARY [PART II—SEC. 3(ii)] 


336 8ई 00 02 50 
336 8एफ़ 00 00 95 
336 107 00 01 10 
336 117 00 05 60 
336 11बी 00 00 90 
336 12सी 00 04 00 
334 6ए 00 02 20 
334 6बी 00 01 75 
334 5 00 00 55 
334 10 00 02 80 
334 12 00 06 65 
330 2 00 12 60 
330 3सी 00 00 65 
330 4डी 00 01 20 
356 1 00 07 30 
356 9 00 07 60 
356 11बी 00 05 80 
आंडिमदम 03. श्री रामन 90 4 00 00 45 
91 1 00 02 75 
91 5 00 02 80 
91 2ए 00 06 40 
91 2बी 00 05 40 
92 3 00 00 40 
92 4 00 02 05 
92 5 00 09 25 
97 1ए 00 02 30 
97 1सी 00 01 60 
97 1डी 00 02 90 
98 4डी 00 07 60 
98 8 00 02 15 
98 9 00 02 00 
98 5 00 00 40 
98 6 00 04 50 
98 7 00 02 70 
99 6 00 00 40 
99 7T 00 03 35 
99 7a 00 03 50 
99 8ए 00 04 10 
99 8बी 00 03 35 
100 5 00 01 80 
101 6 00 00 40 


102 1 00 17 10 


[भाग 1--खण्ड 3(ii)] 


भारत का राजपत्र : असाधारण 


102 2 00 04 20 
104 2्सी 00 10 20 
104 2st 00 00 70 
104 30 00 06 40 
आंडिमदम 4/32. रांगियाम 70 2ए 00 02 60 
70 1बी 00 07 90 
66 1ए 00 05 20 
66 1सी 00 07 65 
66 1ई 00 01 35 
66 10% 00 06 70 
65 9 00 08 50 
65 14 00 02 00 
65 15 00 01 90 
64 2ए1सी 00 14 90 
64 2st 00 00 55 
63 sat 00 00 90 
63 8ए 00 00 40 
22 2ए 00 00 50 
22 2बी 00 06 00 
48 1०1 00 08 40 
48 1बी 00 02 90 
48 174 00 06 70 
48 3बी 00 03 45 
48 3सी 00 07 80 
152 - 00 03 55 
47 3 00 04 40 
153 1 00 04 35 
47 4ए 00 00 95 
153 4ए 00 05 00 
153 4बी 00 05 50 
153 5 00 00 40 
153 6ए 00 03 60 
153 6बी 00 07 40 
154 1 00 00 40 
149 1 00 04 15 
149 2ए 00 04 10 
149 2बी 00 02 40 
149 00 00 40 
149 00 00 75 
149 00 09 90 
148 2ए 00 19 40 
147 4 00 06 45 


THE GAZETTE OF INDIA : EXTRAORDINARY [PART II—SEC. 3(ii)] 


147 9 00 00 75 
147 2 00 05 00 
147 30 00 11 10 
144 1०1 00 07 10 
144 1बी 00 05 10 
145 12 00 04 00 
143 10 00 03 30 
143 11 00 02 45 
143 12 00 02 80 
143 17 00 01 65 
142 3 00 07 00 
142 2 00 00 65 
142 4 00 11 90 
139 1 00 02 65 

आंडिमदम 12. वरदराजंपेट्रै 121 1ए 00 07 95 
121 3ए 00 00 60 
120 1 00 09 75 
120 3 00 00 75 
118 1बी 00 03 70 
118 1सी 00 01 85 
118 1डी 00 01 90 
118 1एफ्र1 00 03 30 
118 1एफ्र5 00 00 80 
118 1एफ़2 00 00 40 
118 1एफ्4 00 04 10 
147 1 00 07 10 
147 2बी 00 05 00 
147 5 00 04 55 
147 6 00 02 40 
147 9 00 02 20 
147 12 00 02 20 
147 13 00 00 40 
146 107 00 00 40 
146 16 00 00 50 
146 17 00 03 10 
148 6 00 01 30 
148 7u 00 02 00 
148 7a 00 02 25 
148 8बी 00 00 40 
150 110 00 00 40 
150 114 00 04 60 


150 11सी 00 01 55 


[भाग 1--खण्ड 3(ii)] 


भारत का राजपत्र : असाधारण 


156 5u 00 01 30 
156 5at 00 07 50 
156 5्सी 00 01 95 
155 30 00 04 40 
155 3बी 00 00 40 
155 160 00 01 20 
155 130 00 01 00 
155 13बी 00 02 40 
155 14 00 01 75 
155 15 00 00 40 
155 12 00 06 20 
155 114 00 03 70 
154 3 00 06 50 
154 107 00 05 50 
154 10बी 00 05 10 
153 1 00 00 40 
153 2 00 05 10 
153 3 00 07 85 
153 4ए 00 00 40 
152 14 00 01 50 

आंडिमदम 35. विलंदई 255 3ए 00 05 45 
255 3बी 00 04 60 
255 3डी 00 10 80 
255 3ई 00 00 40 
256 6बी 00 00 40 
256 6सी 00 00 40 
261 3सी 00 01 05 
261 3डी 00 06 80 
273 4बी 00 04 25 
273 4डी 00 04 50 
273 4एफ़ 00 04 60 
273 4एच 00 04 40 
273 4जे 00 05 05 
274 00 04 05 
274 00 08 05 
274 00 04 20 
274 5u 00 00 40 
274 5at 00 03 25 
514 10% 00 04 20 
514 18 00 04 20 
514 (के 00 03 90 
514 201 00 09 30 


THE GAZETTE OF INDIA : EXTRAORDINARY [PART II—SEC. 3(ii)] 


514 23 00 00 40 
514 2्सी 00 02 80 
514 2st 00 02 70 
515 9 00 06 00 
515 8 00 07 00 
515 7 00 02 80 
515 157 00 01 25 
516 1 00 02 70 
517 3 00 09 35 
517 5u 00 02 50 
517 5at 00 00 40 
517 4 00 00 40 
517 6 00 08 95 
517 7 00 00 70 
517 8 00 00 40 
518 144 00 01 85 
518 19बी 00 04 55 
518 20 00 03 45 
522 2 00 00 40 
522 1 00 29 60 
527 15 00 05 75 
527 16 00 01 00 
527 17 00 00 90 
527 19 00 01 10 
527 21 00 00 70 
527 22 00 00 45 
527 24 00 00 40 
528 11 00 03 40 
528 10 00 01 65 
528 7t 00 05 35 
528 1 00 10 90 
530 9 00 00 40 
530 30% 00 03 20 
530 3जी 00 03 60 
530 3एच 00 01 00 
530 7 00 01 30 
530 6 00 02 65 
530 5 00 03 35 
530 3सी 00 00 40 
531 1 00 01 30 
480 12 00 02 15 


480 11 00 01 95 


[भाग 1--खण्ड 3(ii)] 


भारत का राजपत्र : असाधारण 


480 10बी 00 03 65 
480 10सी 00 00 45 
475 12बी 00 00 50 
475 120 00 01 25 
475 10 00 05 00 
475 11 00 00 40 
475 5 00 04 75 
475 4 00 02 20 
475 6 00 02 70 
474 7 00 05 95 
474 8ए 00 02 30 
474 8बी 00 02 60 
474 ou 00 00 90 
474 9बी 00 02 50 
474 6बी 00 03 00 
474 oat 00 00 50 
472 1ए 00 05 00 
472 201 00 00 40 
472 1a 00 05 30 
472 3डी 00 00 85 
472 3ई 00 00 75 
472 30% 00 04 20 
471 7ए्‌ 00 00 50 
471 7a 00 00 40 
471 7at 00 01 60 
471 12 00 03 25 
470 1071 00 01 15 
470 13 00 01 50 
470 20 00 02 40 
470 21 00 01 15 
470 22 00 02 00 
469 150 00 01 50 
469 15बी 00 01 30 
469 15सी2 00 01 80 
आंडिमदम 13. पेरियकीरुष्णपुरम 13 1बी 00 05 00 
13 1सी2 00 08 50 
4 2 00 05 45 
4 1बी 00 02 30 
4 1०5 00 02 60 
4 1०6 00 03 50 
4 7 00 04 05 
4 8 00 04 30 


THE GAZETTE OF INDIA : EXTRAORDINARY [PART II—SEC. 3(ii)] 


5 1जी 00 07 10 
5 2आए 00 08 10 
5 2एफ़ 00 01 30 
5 2ई 00 02 60 
6 1U7 00 01 20 
6 176 00 02 80 
6 142 00 02 30 
6 2्सी 00 00 40 
6 2बी 00 05 30 
6 2ए 00 00 40 
7 2बी 00 01 70 
१ 2ए 00 01 70 
7 4बी 00 01 10 
7 5at 00 01 00 
7 5u 00 01 10 
7 8ए 00 03 05 
7 ou 00 03 00 
7 oat 00 06 60 
179 1 00 02 80 
आंडिमदम 19/39. अनिकुडीचन (एन) 17 3 00 04 25 
17 2 00 11 20 
17 1सी 00 06 70 
18 4बी 00 06 50 
18 2ए 00 00 80 
18 3ए 00 04 90 
20 16ए 00 03 00 
20 17ए 00 00 40 
20 17बी 00 02 90 
20 18 00 03 50 
20 207 00 03 10 
20 20बी 00 02 60 
20 23 00 01 60 
22 2 00 01 40 
22 3 00 01 50 
24 16बी 00 07 75 
24 16ए 00 00 40 
24 16डी 00 03 05 
24 15बी 00 00 40 
24 15सी 00 01 80 
24 1801 00 03 85 
24 1802 00 00 55 


168 17 00 01 40 


[भाग 1--खण्ड 3(ii)] 


भारत का राजपत्र : असाधारण 


11 


168 1सी 00 00 40 
168 1डी 00 10 65 
168 3बी 00 03 60 
168 4बी 00 03 55 
169 1 00 07 55 
169 10 00 04 30 
169 9 00 03 00 
169 7 00 02 35 
170 201 00 03 55 
170 202 00 06 15 
170 2बी 00 03 80 
170 3 00 06 55 
165 8 00 00 40 
171 1ए 00 02 25 
171 2ए 00 03 00 
171 2सी2 00 03 90 
171 5 00 06 05 
171 6 00 03 00 
173 3 00 16 00 
173 6 00 06 00 
173 7 00 00 75 
173 8 00 00 60 
172 1a 00 01 20 
230 1 00 08 90 
230 3 00 06 90 
230 4ए 00 09 65 
230 4बी 00 00 90 
230 ost 00 05 60 
230 ou 00 02 50 
230 gat 00 03 05 
232 13 00 06 25 
232 3 00 01 75 
238 805 00 06 35 
238 11 00 03 40 
239 1ए 00 02 30 
239 1बी 00 02 50 
239 1सी 00 02 60 
239 1डी 00 00 80 
244 6 00 10 05 
244 7ए्‌ 00 03 60 
240 3 00 02 35 
240 4 00 05 70 


12 


THE GAZETTE OF INDIA : EXTRAORDINARY 


[PART II—SEC. 3(ii)] 


242 1ए 00 03 00 
242 1बी 00 07 55 
241 7ए्‌ 00 15 15 
241 8डी 00 00 40 
254 4बी1 00 00 40 
254 4बी2 00 10 80 
255 Aw 00 00 80 
255 4बी 00 02 80 
255 4सी 00 01 40 
255 5्बी 00 05 10 
255 6बी 00 03 60 
255 6सी 00 03 85 
255 8बी 00 02 80 
256 1ए 00 03 20 
256 1बी 00 03 20 
256 2 00 04 70 

उडयारपालयम 18. एरवांगुडि 4 1एफ़ 00 01 85 
9 19 00 00 40 
10 2 00 02 40 
10 107 00 02 60 
10 10बी 00 02 70 
10 11 00 00 40 
10 12 00 02 10 
10 13 00 00 40 
10 19 00 03 65 
10 20 00 04 05 
10 21 00 03 50 
10 240 00 00 40 
10 24बी 00 00 40 
11 7ए्‌ 00 00 85 
11 7a 00 06 50 
11 8 00 04 60 

193 1 00 07 35 
193 202 00 07 40 
193 2बी 00 02 00 
193 3०1 00 02 85 
196 3 00 00 95 
195 1०1 00 08 30 
195 1०2 00 04 40 
195 2ए 00 06 60 
195 3 00 03 90 
195 4 00 05 40 


[भाग 1--खण्ड 3(ii)] 


भारत का राजपत्र : असाधारण 


13 


194 1ए 00 02 25 
299 6ए 00 01 05 
299 4 00 10 00 
299 6बी 00 13 55 
298 2्सी 00 00 40 
311 1ए 00 05 90 
311 2ए 00 01 50 
311 2बी 00 04 90 
311 2st 00 01 45 
311 3बी 00 05 90 
311 3सी 00 06 30 
311 3डी 00 04 95 
313 1०2 00 02 30 
313 2 00 11 30 
316 1बी 00 03 75 
316 2ए 00 04 90 
316 2बी 00 06 10 
316 3बी 00 07 20 
316 4डी 00 08 90 
320 2बी1 00 02 85 
320 2बी2 00 02 35 
320 2बी3बी 00 01 40 
320 2बी3ए 00 04 35 
320 3बी 00 02 95 
355 5 00 00 40 
355 6ए 00 02 00 
355 ou 00 01 50 
355 107 00 01 60 
355 117 00 02 85 
355 120 00 03 25 
355 13बी 00 02 00 
355 13सी 00 00 40 
355 14 00 02 00 
355 15 00 02 00 
355 16 00 02 10 
355 17 00 02 10 
355 18बी 00 01 25 
355 13ई 00 01 25 
354 5 00 00 40 
354 6 00 06 30 
354 8 00 07 45 
354 १ 00 01 25 


14 


THE GAZETTE OF INDIA : EXTRAORDINARY 


[PART II—SEC. 3(ii)] 


354 140 00 04 55 
354 144 00 00 40 
339 1a 00 01 30 
339 1सी 00 06 70 
339 1डी 00 05 65 
340 1ए 00 02 85 
340 1बी 00 00 50 
340 2 00 00 40 
340 3 00 05 70 
340 4 00 03 25 
341 1 00 08 20 
341 2ए 00 05 90 
341 2बी 00 00 40 
341 3ए 00 02 00 
341 3बी 00 00 40 
उडयारपालयम 33/44. वेत्तियारवेट्टु 27 1बी1 00 00 45 
27 142 00 29 20 
27 11 00 00 40 
28 30 00 09 25 
28 4ए 00 07 45 
29 6बी 00 02 70 
29 7 00 00 90 
30 1ए 00 05 10 
30 1बी 00 04 20 
30 1सी 00 02 45 
30 2 00 01 85 
30 3 00 03 55 
31 2 00 08 55 
31 3 00 06 85 
217 6ई 00 13 10 
217 9 00 02 05 
217 10 00 06 00 
217 11 00 01 15 
211 4 00 07 60 
214 2 00 02 00 
214 1ए 00 00 40 
214 1बी 00 10 20 
213 1ए 00 00 80 
213 1बी 00 10 60 
207 1०1 00 07 70 
207 174 00 03 75 
207 178 00 03 30 


[भाग 1--खण्ड 3(ii)] 


भारत का राजपत्र : असाधारण 


15 


207 179 00 00 90 
207 201 00 04 90 
282 1 00 11 50 
282 6ए 00 11 70 
282 702 00 00 50 
284 4 00 12 25 
309 1ए 00 03 65 
309 1बी 00 03 85 
309 4ए 00 03 70 
309 4बी 00 03 70 
309 4डी 00 00 40 
309 3 00 04 10 
310 2 00 02 80 
310 3ए 00 02 85 
310 3बी 00 03 10 
310 4 00 01 40 
311 5 00 01 50 
311 8ए 00 11 25 
311 9 00 03 25 
311 107 00 00 50 
317 20 00 00 40 
317 2बी 00 08 95 
317 2st 00 04 65 
317 30 00 03 75 
317 3डी 00 00 40 
316 3ए 00 01 10 
316 3बी 00 01 10 
318 1 00 05 20 
318 2ए1 00 04 60 
उडयारपालयम 50. पिच्चनूर 53 1एम 00 01 50 
53 1एल 00 00 40 
53 1एन 00 06 55 
53 1जे 00 04 05 
53 1आए 00 00 40 
53 1ओ 00 09 55 
53 1पी 00 00 40 
53 1क्यू 00 01 40 
53 1आर 00 07 60 
54 1सी 00 00 60 
54 4 00 04 25 
54 6सी 00 09 55 
54 6डी1 00 03 30 


16 


THE GAZETTE OF INDIA : EXTRAORDINARY 


[PART II—SEC. 3(ii)] 


54 7 00 03 65 
54 8 00 08 40 
51 ou 00 04 90 
51 9बी 00 04 10 
51 9सी 00 04 80 
62 2ए 00 03 40 
62 2बी 00 03 35 

250 2ए 00 04 90 
250 2बी 00 05 50 
67 7 00 04 25 
67 8 00 01 45 
67 9 00 01 55 
67 18 00 01 45 
67 17 00 04 50 
67 19 00 00 40 
67 220 00 02 40 
67 22सी 00 02 50 
68 11 00 05 40 
232 1बी 00 05 15 
232 3ए 00 03 20 
232 3बी 00 02 70 
232 6 00 03 80 
232 7 00 02 05 
232 8 00 02 05 
234 2 00 04 10 
234 431 00 04 50 
234 43 00 02 05 
234 4डी2 00 03 10 
234 4एफ़ 00 06 30 
235 1ए 00 05 55 
235 1बी 00 02 65 
235 5at 00 12 20 
235 2बी 00 00 40 
236 1सी 00 03 45 
236 1डी2 00 04 35 
236 1डी4ए 00 03 80 
236 1डी4बी 00 03 80 
236 3 00 05 90 
उडयारपालयम 40/54. कुरुवालप्परकोविल 2 3ए 00 00 70 
2 3डी 00 11 00 
2 30% 00 01 15 
2 3ई 00 00 70 


[भाग 1--खण्ड 3(ii)] 


भारत का राजपत्र : असाधारण 


17 


4 - 00 75 65 
155 4०3 00 00 40 
155 4ए4 00 09 55 
173 3बी4 00 02 85 
173 9बी2 00 06 45 
173 7a 00 05 75 
173 7at 00 02 85 
174 2 00 02 90 
174 4बी 00 00 85 
174 4सी 00 01 85 
174 5u 00 02 20 
174 5्सी 00 00 40 
174 8 00 03 50 
174 120 00 03 75 
175 ou 00 02 05 
175 1 00 01 90 
175 16ए 00 00 40 
175 16सी 00 01 80 
175 16डी 00 01 40 
175 16बी 00 01 20 
175 6 00 01 75 
175 5 00 00 40 
175 16ई1 00 02 65 
189 2बी 00 02 70 
190 1 00 07 90 
190 8ए 00 02 80 
190 8बी 00 01 90 
190 8सी 00 04 40 
191 1एच 00 02 45 
191 1आए 00 00 40 
191 1जी 00 01 20 
191 1एफ़ 00 01 20 
191 1ई 00 05 00 
191 2ए 00 00 45 
191 1डी 00 01 75 
191 2बी 00 00 40 
191 1सी 00 02 20 
199 201 00 01 50 
199 202 00 01 50 
199 1डी 00 06 30 
201 2ए 00 05 00 
201 2बी 00 05 00 


18 THE GAZETTE OF INDIA : EXTRAORDINARY 


[PART II—SEC. 3(ii)] 


201 10 00 02 30 
201 13 00 06 60 
212 1ए 00 05 30 
212 10 00 01 25 
211 208 00 02 90 
211 6बी 00 00 40 
211 7a 00 03 20 
213 6 00 08 60 
213 2 00 02 00 
214 110 00 00 60 
214 114 00 01 60 
214 11a 00 01 60 
214 113 00 00 40 
214 12 00 01 50 
214 13 00 01 50 
214 110% 00 02 00 
214 14 00 01 05 
258 30 00 02 25 
258 3बी 00 01 60 
258 3सी 00 02 15 
258 00 00 40 
258 00 02 60 
258 00 01 10 
258 11 00 01 10 
258 10 00 02 70 
262 3ए 00 03 10 
262 3बी 00 01 15 
262 3सी 00 00 40 
251 1बी3 00 00 40 
251 1बी4 00 02 20 
266 1 00 02 00 
266 00 00 90 
266 2 00 02 75 
266 4बी 00 07 50 
265 3बी1 00 05 60 
265 3बी2ए 00 01 70 
265 3बी2बी 00 03 15 
265 7बी2 00 02 20 
265 7बी3 00 02 75 
265 8बी2 00 01 90 
270 8 00 01 90 
270 12 00 03 20 


[भाग 1--खण्ड 3(ii)] 


भारत का राजपत्र : असाधारण 


19 


270 16 00 03 20 
उडयारपालयम 42. उठकोट्ठै (एन) 197 11 00 00 40 
197 12 00 03 60 
197 13 00 02 90 
197 14 00 01 10 
197 18 00 00 40 
197 1771 00 03 70 
197 1671 00 00 40 
198 53 00 04 85 
198 771 00 04 35 
198 6st 00 07 25 
198 743 00 02 00 
198 7414 00 01 70 
198 7at 00 00 40 
194 2बी5 00 01 05 
194 2बी6 00 04 25 
194 2बी8 00 01 70 
194 2बी9 00 02 15 
203 3बी1 00 04 30 
203 6बी1 00 02 50 
203 6बी2 00 01 40 
203 6बी3 00 02 70 
204 2बी 00 05 50 
204 9बी2 00 03 35 
204 9बी1 00 00 40 
204 24 00 00 40 
204 16बी2 00 02 80 
204 17 00 02 35 
204 207 00 01 85 
204 20बी 00 01 85 
204 21 00 00 50 
204 220 00 02 80 
204 22बी 00 00 40 
220 24 00 01 50 
220 14 00 01 60 
220 17बी 00 01 80 
220 17सी 00 00 40 
220 18 00 02 00 
220 19 00 03 40 
220 22 00 02 20 
219 130 00 01 75 
219 13बी 00 01 35 


20 


THE GAZETTE OF INDIA : EXTRAORDINARY 


[PART II—SEC. 3(ii)] 


219 140 00 00 80 
219 144 00 01 35 
219 15 00 00 40 
232 5 00 03 75 
232 7T 00 02 00 
232 7a 00 01 20 
228 30 00 00 90 
228 3बी 00 00 55 
228 4 00 03 45 
228 5्बी 00 00 40 
228 5्सी 00 03 60 
228 8 00 00 40 
227 1ए 00 00 40 
227 3 00 09 60 
227 4सी 00 00 40 
227 6 00 03 65 
227 8बी 00 03 20 
227 9 00 03 10 
227 10 00 00 40 
227 11 00 03 00 
276 7ए्‌ 00 00 40 
276 बी 00 01 00 
276 9 00 00 95 
276 107 00 02 10 
276 10बी 00 01 95 
276 11 00 02 30 
276 12 00 02 90 
280 4 00 00 40 
280 1 00 00 50 
280 6ए 00 05 60 
280 5 00 00 40 
280 6बी 00 04 35 
280 3 00 01 25 
280 6सी 00 01 90 
280 6st 00 04 45 
280 6ई 00 00 40 
284 1 00 01 25 
284 3 00 03 25 
284 4बी 00 00 40 
284 एएफ़ 00 03 15 
284 ;जी 00 01 90 
284 704 00 01 75 


[भाग 1--खण्ड 3(ii)] 


भारत का राजपत्र : असाधारण 


21 


284 7 00 00 40 
284 7z 00 00 90 
284 107 00 02 05 
284 10बी 00 00 95 
284 ow 00 00 40 
284 oat 00 02 35 
285 1ए 00 03 25 
285 1बी 00 03 25 
285 4 00 01 60 
285 2 00 00 60 
283 7 00 10 75 
286 30 00 03 85 
286 3बी 00 00 40 
286 4 00 04 05 
286 6ए 00 04 50 
286 6बी 00 05 05 
287 1 00 09 90 
287 6बी 00 01 40 
287 00 04 35 
288 00 07 40 
292 21 00 01 80 
292 2ए 00 02 80 
292 2बी 00 05 00 
292 2st 00 01 20 
292 4 00 00 40 
292 3 00 00 80 
293 Eu 00 01 60 
293 9 00 02 00 
293 8बी 00 02 10 
293 11 00 01 25 
293 24 00 00 40 
293 25 00 03 50 
293 15बी 00 00 40 
300 6 00 02 90 
300 7 00 03 75 
300 8 00 00 40 
300 12सी 00 00 40 
300 12डी 00 04 40 
300 150 00 00 40 
300 13 00 00 85 
300 14 00 03 10 
300 1642 00 02 50 


22 THE GAZETTE OF INDIA : EXTRAORDINARY [PART II—SEC. 3(ii)] 


310 20 00 08 25 
310 30 00 01 80 
310 3बी 00 02 65 
310 3डी 00 04 00 
310 3ई 00 00 50 
310 6सी 00 00 40 
310 6st 00 05 25 
310 6ई 00 00 40 
310 4बी 00 05 45 
311 10 00 03 30 
309 1ए 00 00 40 
309 1बी 00 04 65 
309 1सी 00 00 40 
309 1 00 06 65 
309 1एल 00 03 40 
309 1एम 00 05 70 


[फा.सं. एल - 14014/34/2021-जीपी-1 (ई-45607)] 
एम. आर. नाजमी, अवर सचिव 


MINISTRY OF PETROLEUM AND NATURAL GAS 
NOTIFICATION 
New Delhi, the 30th,January, 2023 


S.O. 577(E).— Whereas, by the notification of the Government of India in the Ministry of Petroleum and 
Natural Gas number S.0.No.2300(E) dated: 27.05.2021 issued under sub section (1) of section 3 of the Petroleum and 
Minerals Pipelines (Acquisition of Right of User in Land) Act, 1962 (50 of 1962), (herein after referred to as the said 
Act) the Central Government declared its intention to acquire the Right of User in the Lands specified in the Schedule 
appended to that notification for the purpose of laying pipeline for the transportation of Natural Gas, a pipeline 
“Ennore- Tiruvallur -Bengaluru -Puducherry -Nagapattinam —Madurai- Tuticorin” should be laid in the State of Tamil 
Nadu by Indian Oil Corporation Limited. 


And whereas, copies of the said notifications were made available to the public from 11.06.2021. 


And whereas, the Competent Authority in pursuance of sub-section (1) of section 6 of the said Act has 
submitted his report to the Central Government; 


And whereas, the Central Government, after considering the said report is satisfied that the Right of User in 
the Land specified in the Schedule appended to this notification should be acquired; 


Now, therefore, in exercise of the powers conferred by sub-section (1) of section 6 of the said Act, the 
Central Government hereby declares that the Right of User in the said Land specified in the Schedule appended to this 
notification is hereby acquired for laying the pipeline; 


And further, in exercise of the powers conferred by sub-section (4) of section 6 of the said Act, the Central 
Government hereby directs that the Right of User in the said Land shall instead of vesting in the Central Government, 
vest from the date of publication of this declaration, in the Indian Oil Corporation Limited free from all encumbrances. 


Indian Oil Corporation Limited shall be exclusively liable for any compensation in terms of section 10 of the 
P & MP Act, 1962 and no suit, claim or legal proceeding would lie against the Central Government on any matter 
relating to pipeline 


[भाग 1--खण्ड 3(ii)] 


भारत का राजपत्र : असाधारण 


23 


SCHEDULE 
District ; Ariyalur State: Tamil Nadu 
Sub Area 
Taluk Village ow rey Division 7 Square 
न No. ectare Are Meter 
1 2 3 | 4 | 5 | 6 | 7 
Andimadam 02. Athukurichi 237 3 00 00 50 
237 2 00 03 75 
235 8A 00 12 85 
235 7 00 08 00 
240 - 00 10 30 
228 1 00 02 05 
228 2 00 04 25 
228 3 00 00 60 
228 4 00 03 20 
228 17 00 00 40 
228 18C 00 00 40 
229 2 00 03 95 
229 4 00 05 20 
229 17A 00 03 60 
229 17B 00 03 20 
229 19B 00 06 00 
223 1 00 00 40 
223 00 01 10 
223 00 00 85 
223 8B 00 03 90 
223 10 00 04 40 
222 7 00 04 70 
222 6 00 00 40 
222 10 00 04 10 
222 11 00 03 30 
222 18 00 00 40 
222 16 00 00 40 
222 15A 00 03 10 
216 7A 00 01 20 
216 7B 00 00 65 
216 7C 00 00 40 
217 1 00 02 20 
217 2 00 05 40 
211 10 00 04 20 
211 11 00 00 40 
211 12 00 00 50 
211 13E 00 04 20 
211 20 00 02 70 
213 1 00 05 90 
213 2 00 07 85 


24 


THE GAZETTE OF INDIA : EXTRAORDINARY 


[PART II—SEC. 3(ii)] 


213 
152 
152 
150 
150 
150 
150 
150 
150 
150 
149 
149 
149 
149 
148 
148 
148 
148 
148 
143 
143 
143 
143 
342 
342 
144 
144 
144 
144 
336 
336 
336 
336 
336 
336 
336 
336 
336 
336 
334 
334 
334 
334 
334 
330 
330 


00 
00 
00 
00 
00 
00 
00 
00 
00 
00 
00 
00 
00 
00 
00 
00 
00 
00 
00 
00 
00 
00 
00 
00 
00 
00 
00 
00 
00 
00 
00 
00 
00 
00 
00 
00 
00 
00 
00 
00 
00 
00 
00 
00 
00 
00 


03 
02 
00 
00 
01 
01 
02 
02 
03 
01 
95 
03 
00 
03 
05 
03 
00 
03 
09 
01 
04 
02 
04 
02 
06 
13 
06 
00 
06 
01 
00 
01 
02 
02 
00 
01 
95 
00 
04 
02 
01 
00 
02 
06 
12 
00 


60 
40 
40 
40 
40 
30 
60 
80 
00 
65 
30 
00 
40 
60 
35 
15 
40 
60 
25 
50 
10 
35 
35 
45 
80 
75 
50 
40 
50 
60 
40 
95 
65 
50 
95 
10 
60 
90 
00 
20 
75 
55 
80 
65 
60 
65 


[भाग 1--खण्ड 3(ii)] 


भारत का राजपत्र : असाधारण 


25 


330 4D 00 01 20 
356 1 00 07 30 
356 9 00 07 60 
356 11B 00 05 80 
Andimadam 03. Sriraman 90 4 00 00 45 
91 1 00 02 75 
91 5 00 02 80 
91 2A 00 06 40 
91 2B 00 05 40 
92 3 00 00 40 
92 4 00 02 05 
92 5 00 09 25 
97 1A 00 02 30 
97 1C 00 01 60 
97 1D 00 02 90 
98 4D 00 07 60 
98 8 00 02 15 
98 9 00 02 00 
96 5 00 00 40 
98 6 00 04 50 
98 7 00 02 70 
99 6 00 00 40 
99 7A 00 03 35 
99 7B 00 03 50 
99 8A 00 04 10 
99 8B 00 03 35 
100 5 00 01 80 
101 6 00 00 40 
102 1 00 17 10 
102 2 00 04 20 
104 2C 00 10 20 
104 2D 00 00 70 
104 3A 00 06 40 
Andimadam 4/32. Rangiyam 70 2A 00 02 60 
70 1B 00 07 90 
66 1A 00 05 20 
66 1C 00 07 65 
66 1E 00 01 35 
66 1F 00 06 70 
65 9 00 08 50 
65 14 00 02 00 
65 15 00 01 90 
64 2A1C 00 14 90 
64 2D 00 00 55 
63 8B 00 00 90 
63 8A 00 00 40 


26 


THE GAZETTE OF INDIA : EXTRAORDINARY 


[PART II—SEC. 3(ii)] 


22 2A 00 00 50 
22 2B 00 06 00 
48 1.01 00 08 40 
48 1B 00 02 90 
48 1A4 00 06 70 
48 3B 00 03 45 
48 3C 00 07 80 
152 - 00 03 55 
47 3 00 04 40 
153 1 00 04 35 
47 4A 00 00 95 
153 4A 00 05 00 
153 4B 00 05 50 
153 5 00 00 40 
153 6A 00 03 60 
153 6B 00 07 40 
154 1 00 00 40 
149 1 00 04 15 
149 2A 00 04 10 
149 2B 00 02 40 
149 00 00 40 
149 00 00 75 
149 00 09 90 
148 2A 00 19 40 
147 00 06 45 
147 9 00 00 75 
147 2 00 05 00 
147 3A 00 11 10 
144 1.1 00 07 10 
144 1B 00 05 10 
145 12 00 04 00 
143 10 00 03 30 
143 11 00 02 45 
143 12 00 02 80 
143 17 00 01 65 
142 3 00 07 00 
142 2 00 00 65 
142 4 00 11 90 
139 1 00 02 65 
Andimadam 12. Varadharajanpettai 121 1A 00 07 95 
121 3A 00 00 60 
120 1 00 09 75 
120 3 00 00 75 
118 1B 00 03 70 
118 1C 00 01 85 
118 1D 00 01 90 


[भाग 1--खण्ड 3(ii)] 


भारत का राजपत्र : असाधारण 


27 


118 1F1 00 03 30 
118 1F5 00 00 80 
118 1F2 00 00 40 
118 1F4 00 04 10 
147 1 00 07 10 
147 2B 00 05 00 
147 5 00 04 55 
147 6 00 02 40 
147 9 00 02 20 
147 12 00 02 20 
147 13 00 00 40 
146 10A 00 00 40 
146 16 00 00 50 
146 17 00 03 10 
148 6 00 01 30 
148 7A 00 02 00 
148 7B 00 02 25 
148 8B 00 00 40 
150 11A 00 00 40 
150 11B 00 04 60 
150 11C 00 01 55 
156 5A 00 01 30 
156 58 00 07 50 
156 5C 00 01 95 
155 3A 00 04 40 
155 3B 00 00 40 
155 16A 00 01 20 
155 13A 00 01 00 
155 138 00 02 40 
155 14 00 01 75 
155 15 00 00 40 
155 12 00 06 20 
155 11B 00 03 70 
154 3 00 06 50 
154 10A 00 05 50 
154 10B 00 05 10 
153 1 00 00 40 
153 2 00 05 10 
153 3 00 07 85 
153 4A 00 00 40 
152 14 00 01 50 
Andimadam 35. Vilanthai 255 3A 00 05 45 
255 3B 00 04 60 
255 3D 00 10 80 
255 3E 00 00 40 
256 6B 00 00 40 


28 


THE GAZETTE OF INDIA : EXTRAORDINARY 


[PART II—SEC. 3(ii)] 


256 6C 00 00 40 
261 3C 00 01 05 
261 3D 00 06 80 
273 4B 00 04 25 
273 4D 00 04 50 
273 4F 00 04 60 
273 4H 00 04 40 
273 4J 00 05 05 
274 00 04 05 
274 00 08 05 
274 6 00 04 20 
274 SA 00 00 40 
274 5B 00 03 25 
514 1F 00 04 20 
514 1E 00 04 20 
514 1K 00 03 90 
514 2Al 00 09 30 
514 2E 00 00 40 
514 2C 00 02 80 
514 2D 00 02 70 
515 9 00 06 00 
515 8 00 07 00 
515 7 00 02 80 
515 15A 00 01 25 
516 1 00 02 70 
517 3 00 09 35 
517 SA 00 02 50 
517 5B 00 00 40 
517 4 00 00 40 
517 00 08 95 
517 7 00 00 70 
517 8 00 00 40 
518 14B 00 01 65 
518 19B 00 04 55 
518 20 00 03 45 
522 2 00 00 40 
522 1 00 29 60 
527 15 00 05 75 
527 16 00 01 00 
527 17 00 00 90 
527 19 00 01 10 
527 21 00 00 70 
527 22 00 00 45 
527 24 00 00 40 
528 11 00 03 40 
528 10 00 01 65 


[भाग 1--खण्ड 3(ii)] 


भारत का राजपत्र : असाधारण 


29 


326 7A 00 05 35 
528 1 00 10 90 
530 9 00 00 40 
530 3F 00 03 20 
530 3G 00 03 60 
530 3H 00 01 00 
530 7 00 01 30 
530 6 00 02 65 
530 5 00 03 35 
530 3C 00 00 40 
531 1 00 01 30 
480 12 00 02 15 
480 11 00 01 95 
480 108 00 03 65 
480 10C 00 00 45 
475 12B 00 00 50 
475 12A 00 01 25 
475 10 00 05 00 
475 11 00 00 40 
475 5 00 04 75 
475 4 00 02 20 
475 00 02 70 
474 00 05 95 
474 8A 00 02 30 
474 8B 00 02 60 
474 9A 00 00 90 
474 9B 00 02 50 
474 6B 00 03 00 
474 9C 00 00 50 
472 1A 00 05 00 
472 2Al 00 00 40 
472 1B 00 05 30 
472 3D 00 00 85 
472 3E 00 00 75 
472 3F 00 04 20 
471 7A 00 00 50 
471 7B 00 00 40 
471 7C 00 01 60 
471 12 00 03 25 
470 10A1 00 01 15 
470 13 00 01 50 
470 20 00 02 40 
470 21 00 01 15 
470 22 00 02 00 
469 15A 00 01 50 
469 158 00 01 30 


30 


THE GAZETTE OF INDIA : EXTRAORDINARY 


[PART II—SEC. 3(ii)] 


469 15C2 00 01 80 
Andimadam 13. Periyakrishnapuram 13 1B 00 05 00 
13 1C2 00 08 50 
4 2 00 05 45 
4 1B 00 02 30 
4 1A5 00 02 60 
4 1A6 00 03 50 
4 7 00 04 05 
4 8 00 04 30 
5 1G 00 07 10 
5 21 00 08 10 
5 2F 00 01 30 
5 2E 00 02 60 
6 1A7 00 01 20 
6 1A6 00 02 80 
6 1B2 00 02 30 
6 2C 00 00 40 
6 2B 00 05 30 
6 2A 00 00 40 
7 2B 00 01 70 
7 2A 00 01 70 
7 4B 00 01 10 
7 5B 00 01 00 
7 5A 00 01 10 
7 8A 00 03 05 
7 9A 00 03 00 
7 9B 00 06 60 
179 1 00 02 80 
Andimadam 19/39. Anikuthichan (N) 17 3 00 04 25 
17 2 00 11 20 
17 1C 00 06 70 
18 4B 00 06 50 
18 2A 00 00 80 
18 3A 00 04 90 
20 16A 00 03 00 
20 17A 00 00 40 
20 17B 00 02 90 
20 18 00 03 50 
20 20A 00 03 10 
20 20B 00 02 60 
20 23 00 01 60 
22 2 00 01 40 
22 3 00 01 50 
24 16B 00 07 75 
24 16A 00 00 40 
24 16D 00 03 05 


[भाग 1--खण्ड 3(ii)] 


भारत का राजपत्र : असाधारण 


31 


24 158 00 00 40 
24 15C 00 01 80 
24 18.01 00 03 85 
24 18A2 00 00 55 
168 1A 00 01 40 
166 1C 00 00 40 
168 1D 00 10 65 
168 3B 00 03 60 
168 4B 00 03 55 
169 1 00 07 55 
169 10 00 04 30 
169 9 00 03 00 
169 7 00 02 35 
170 2Al 00 03 55 
170 2A2 00 06 15 
170 2B 00 03 80 
170 3 00 06 55 
165 8 00 00 40 
171 1A 00 02 295 
171 2A 00 03 00 
171 2C2 00 03 90 
171 5 00 06 05 
171 6 00 03 00 
173 3 00 16 00 
173 6 00 06 00 
173 7 00 00 75 
173 8 00 00 60 
172 1B 00 01 20 
230 1 00 08 90 
230 3 00 06 90 
230 4A 00 09 65 
230 4B 00 00 90 
230 9D 00 05 60 
230 9A 00 02 50 
230 9C 00 03 05 
232 1D 00 06 25 
232 3 00 01 75 
238 8A5 00 06 35 
238 11 00 03 40 
239 1A 00 02 30 
239 1B 00 02 50 
239 IC 00 02 60 
239 1D 00 00 80 
244 6 00 10 05 
244 7A 00 03 60 
240 3 00 02 35 


32 


THE GAZETTE OF INDIA : EXTRAORDINARY 


[PART II—SEC. 3(ii)] 


240 4 00 05 70 
242 1A 00 03 00 
242 1B 00 07 55 
241 7A 00 15 15 
241 8D 00 00 40 
254 4B1 00 00 40 
254 4B2 00 10 80 
255 4A 00 00 80 
255 4B 00 02 80 
255 4C 00 01 40 
255 5B 00 05 10 
255 6B 00 03 60 
255 6C 00 03 85 
255 8B 00 02 80 
256 1A 00 03 20 
256 1B 00 03 20 
256 2 00 04 70 
Udayarpalayam 18. Eravangudi 4 1F 00 01 65 
9 19 00 00 40 
10 2 00 02 40 
10 10A 00 02 60 
10 10B 00 02 70 
10 11 00 00 40 
10 12 00 02 10 
10 13 00 00 40 
10 19 00 03 65 
10 20 00 04 05 
10 21 00 03 50 
10 24A 00 00 40 
10 24B 00 00 40 
11 7A 00 00 85 
11 7B 00 06 50 
11 8 00 04 60 
193 1 00 07 35 
193 2A2 00 07 40 
193 2B 00 02 00 
193 3Al 00 02 85 
196 3 00 00 95 
195 1Al 00 08 30 
195 1A2 00 04 40 
195 2A 00 06 60 
195 3 00 03 90 
195 4 00 05 40 
194 1A 00 02 25 
299 6A 00 01 05 
299 4 00 10 00 


[भाग 1--खण्ड 3(ii)] 


भारत का राजपत्र : असाधारण 


33 


299 6B 00 13 55 
298 2C 00 00 40 
311 1A 00 05 90 
311 2A 00 01 50 
311 28 00 04 90 
311 2D 00 01 45 
311 3B 00 05 90 
311 3C 00 06 30 
311 3D 00 04 95 
313 1A2 00 02 30 
313 2 00 11 30 
316 1B 00 03 75 
316 2A 00 04 90 
316 2B 00 06 10 
316 3B 00 07 20 
316 4D 00 08 90 
320 281 00 02 85 
320 2B2 00 02 35 
320 2B3B 00 01 40 
320 2B3A 00 04 35 
320 3B 00 02 95 
355 5 00 00 40 
355 6A 00 02 00 
355 9A 00 01 50 
355 10A 00 01 60 
355 11A 00 02 85 
355 12A 00 03 25 
355 138 00 02 00 
355 13C 00 00 40 
399 14 00 02 00 
355 15 00 02 00 
355 16 00 02 10 
355 17 00 02 10 
355 18B 00 01 295 
355 13E 00 01 23 
354 5 00 00 40 
354 6 00 06 30 
354 8 00 07 45 
354 7 00 01 25 
354 14A 00 04 55 
354 14B 00 00 40 
339 1B 00 01 30 
339 1C 00 06 70 
339 1D 00 05 65 
340 1A 00 02 85 
340 1B 00 00 50 


34 


THE GAZETTE OF INDIA : EXTRAORDINARY 


[PART II—SEC. 3(ii)] 


340 2 00 00 40 
340 3 00 05 70 
340 4 00 03 25 
341 1 00 08 20 
341 2A 00 05 90 
341 2B 00 00 40 
341 3A 00 02 00 
341 3B 00 00 40 
Udayarpalayam 33/44. Vethiiyarvettu 27 1Bl 00 00 45 
27 1B2 00 29 20 
27 11 00 00 40 
28 3A 00 09 25 
28 4A 00 07 45 
29 6B 00 02 70 
29 7 00 00 90 
30 1A 00 05 10 
30 1B 00 04 20 
30 1C 00 02 45 
30 2 00 01 85 
30 3 00 03 55 
31 2 00 08 55 
31 3 00 06 85 
217 6E 00 13 10 
217 9 00 02 05 
217 10 00 06 00 
217 11 00 01 15 
211 4 00 07 60 
214 2, 00 02 00 
214 1A 00 00 40 
214 1B 00 10 20 
213 1A 00 00 80 
213 1B 00 10 60 
207 101 00 07 70 
207 1A4 00 03 75 
207 1A8 00 03 30 
207 1A9 00 00 90 
207 2Al 00 04 90 
282 1 00 11 50 
282 6A 00 11 70 
282 742 00 00 50 
284 4 00 12 25 
309 1A 00 03 65 
309 1B 00 03 85 
309 4A 00 03 70 
309 4B 00 03 70 
309 4D 00 00 40 


[भाग 1--खण्ड 3(ii)] 


भारत का राजपत्र : असाधारण 


35 


309 3 00 04 10 
310 2 00 02 80 
310 3A 00 02 85 
310 3B 00 03 10 
310 4 00 01 40 
311 5 00 01 50 
311 8A 00 11 25 
311 9 00 03 25 
311 10A 00 00 50 
317 2A 00 00 40 
317 2B 00 08 95 
317 2D 00 04 65 
317 3A 00 03 75 
317 3D 00 00 40 
316 3A 00 01 10 
316 3B 00 01 10 
318 1 00 05 20 
318 2Al 00 04 60 
Udayarpalayam 50.Pitchalur 53 1M 00 01 50 
53 1L 00 00 40 
53 1N 00 06 55 
53 J 00 04 05 
53 11 00 00 40 
53 10 00 09 55 
53 17 00 00 40 
53 1Q 00 01 40 
53 IR 00 07 60 
54 1C 00 00 60 
54 4 00 04 25 
54 6C 00 09 55 
54 6D1 00 03 30 
54 7 00 03 65 
54 8 00 08 40 
51 9A 00 04 90 
51 98 00 04 10 
51 9C 00 04 80 
62 2A 00 03 40 
62 2B 00 03 35 
250 2A 00 04 90 
250 2B 00 05 50 
67 7 00 04 25 
67 8 00 01 45 
67 9 00 01 55 
67 18 00 01 45 
67 17 00 04 50 
67 19 00 00 40 


36 


THE GAZETTE OF INDIA : EXTRAORDINARY 


[PART II—SEC. 3(ii)] 


67 22A 00 02 40 
67 22C 00 02 50 
68 11 00 05 40 
232 1B 00 05 15 
232 3A 00 03 20 
232 3B 00 02 70 
232 00 03 80 
232 00 02 05 
232 8 00 02 05 
234 2 00 04 10 
234 4D1 00 04 50 
234 4E 00 02 05 
234 4D2 00 03 10 
234 4F 00 06 30 
235 1A 00 05 55 
235 1B 00 02 65 
235 5B 00 12 20 
235 2B 00 00 40 
236 1C 00 03 45 
236 1D2 00 04 35 
236 1D4A 00 03 80 
236 1D4B 00 03 80 
236 3 00 05 90 
Udayarpalayam 40/54. Kuruvallapparkoil 2 3A 00 00 70 
2 3D 00 11 00 
2 3F 00 01 15 
2 3E 00 00 70 
4 - 00 75 65 
155 4A3 00 00 40 
155 4A4 00 09 55 
173 3B4 00 02 85 
173 9B2 00 06 45 
173 7B 00 05 75 
173 7C 00 02 85 
174 2 00 02 90 
174 4B 00 00 85 
174 4C 00 01 85 
174 5A 00 02 20 
174 5C 00 00 40 
174 8 00 03 50 
174 12A 00 03 75 
175 9A 00 02 05 
175 1 00 01 90 
175 16A 00 00 40 
175 16C 00 01 80 
175 16D 00 01 40 


[भाग 1--खण्ड 3(ii)] 


भारत का राजपत्र : असाधारण 


37 


175 16B 00 01 20 
175 6 00 01 75 
175 e) 00 00 40 
175 16E1 00 02 65 
189 2B 00 02 70 
190 1 00 07 90 
190 8A 00 02 80 
190 8B 00 01 90 
190 8C 00 04 40 
191 1H 00 02 45 
191 II 00 00 40 
191 1G 00 01 20 
191 1F 00 01 20 
19] 1E 00 05 00 
191 2A 00 00 45 
191 1D 00 01 75 
191 2B 00 00 40 
191 IC 00 02 20 
199 2Al 00 01 50 
199 2A2 00 01 50 
199 1D 00 06 30 
201 2A 00 05 00 
201 2B 00 05 00 
201 10 00 02 30 
201 13 00 06 60 
212 1A 00 05 30 
212 10 00 01 25 
211 2A8 00 02 90 
211 6B 00 00 40 
211 7B 00 03 20 
213 6 00 08 60 
213 2 00 02 00 
214 11A 00 00 60 
214 11B 00 01 60 
214 11C 00 01 60 
214 11D 00 00 40 
214 12 00 01 50 
214 13 00 01 50 
214 11F 00 02 00 
214 14 00 01 05 
258 3A 00 02 25 
258 3B 00 01 60 
258 3C 00 02 15 
258 e) 00 00 40 
258 4 00 02 60 
258 8 00 01 10 


38 


THE GAZETTE OF INDIA : EXTRAORDINARY 


[PART II—SEC. 3(ii)] 


258 11 00 01 10 
258 10 00 02 70 
262 3A 00 03 10 
262 3B 00 01 15 
262 3C 00 00 40 
251 1B3 00 00 40 
251 1B4 00 02 20 
266 1 00 02 00 
266 5 00 00 90 
266 2 00 02 75 
266 4B 00 07 50 
265 381 00 05 60 
265 3B2A 00 01 70 
265 3B2B 00 03 15 
265 7B2 00 02 20 
265 7B3 00 02 75 
265 8B2 00 01 90 
270 8 00 01 90 
270 12 00 03 20 
270 16 00 03 20 
Udayarpalayam 42.Utkottai (N) 197 11 00 00 40 
197 12 00 03 60 
197 13 00 02 90 
197 14 00 01 10 
197 18 00 00 40 
197 17Al 00 03 70 
197 1631 00 00 40 
198 SE 00 04 85 
198 7A1 00 04 35 
198 6D 00 07 25 
198 7B3 00 02 00 
198 7B4 00 01 70 
198 7C 00 00 40 
194 2B5 00 01 05 
194 2B6 00 04 25 
194 2B8 00 01 70 
194 2B9 00 02 15 
203 381 00 04 30 
203 6B1 00 02 50 
203 6B2 00 01 40 
203 6B3 00 02 70 
204 2B 00 05 50 
204 9B2 00 03 35 
204 9831 00 00 40 
204 24 00 00 40 
204 16B2 00 02 80 


[भाग 1--खण्ड 3(ii)] 


भारत का राजपत्र : असाधारण 


39 


204 17 00 02 35 
204 20A 00 01 65 
204 208 00 01 65 
204 21 00 00 50 
204 22A 00 02 80 
204 22B 00 00 40 
220 24 00 01 50 
220 14 00 01 60 
220 17B 00 01 80 
220 17C 00 00 40 
220 18 00 02 00 
220 19 00 03 40 
220 22 00 02 20 
219 13A 00 01 75 
219 13B 00 01 35 
219 14A 00 00 80 
219 14B 00 01 35 
219 15 00 00 40 
232 5 00 03 75 
232 7A 00 02 00 
232 7B 00 01 20 
228 3A 00 00 90 
228 3B 00 00 55 
228 4 00 03 45 
228 5B 00 00 40 
228 5C 00 03 60 
228 8 00 00 40 
227 1A 00 00 40 
227 3 00 09 60 
227 4C 00 00 40 
227 6 00 03 65 
227 8B 00 03 20 
227 9 00 03 10 
227 10 00 00 40 
227 11 00 03 00 
276 7A 00 00 40 
276 7B 00 01 00 
276 9 00 00 95 
276 10A 00 02 10 
276 10B 00 01 95 
276 11 00 02 30 
276 12 00 02 90 
280 4 00 00 40 
280 1 00 00 50 
280 6A 00 05 60 
280 5 00 00 40 


40 


THE GAZETTE OF INDIA : EXTRAORDINARY 


[PART II—SEC. 3(ii)] 


280 6B 00 04 35 
280 3 00 01 29 
280 6C 00 01 90 
260 01) 00 04 45 
280 6E 00 00 40 
284 1 00 01 295 
284 3 00 03 25 
284 4B 00 00 40 
284 7F 00 03 15 
284 7G 00 01 90 
284 7H 00 01 75 
284 7D 00 00 40 
284 7E 00 00 90 
284 10A 00 02 05 
284 10B 00 00 95 
284 9A 00 00 40 
284 98 00 02 35 
285 1A 00 03 25 
285 1B 00 03 295 
285 4 00 01 60 
285 00 00 60 
283 7 00 10 75 
286 3A 00 03 85 
286 3B 00 00 40 
286 4 00 04 05 
286 6A 00 04 50 
286 6B 00 05 05 
287 1 00 09 90 
287 6B 00 01 40 
287 7 00 04 35 
288 2 00 07 40 
292 21 00 01 80 
292 2A 00 02 80 
292 2B 00 05 00 
292 2D 00 01 20 
292 4 00 00 40 
292 3 00 00 80 
293 8A 00 01 60 
293 9 00 02 00 
293 8B 00 02 10 
293 11 00 01 25 
293 24 00 00 40 
293 29 00 03 50 
293 15B 00 00 40 
300 6 00 02 90 
300 7 00 03 75 


[भाग 1--खण्ड 3(ii)] 


भारत का राजपत्र : असाधारण 


41 


300 
300 
300 
300 
300 
300 
300 
310 
310 
310 
310 
310 
310 
310 
310 
310 
311 
309 
309 
309 
309 
309 
309 


6C 


1C 


00 
00 
00 
00 
00 
00 
00 
00 
00 
00 
00 
00 
00 
00 
00 
00 
00 
00 
00 
00 
00 
00 
00 


00 
00 
04 
00 
00 
03 
02 
08 
01 
02 
04 
00 
00 
05 
00 
05 
03 
00 
04 
00 
06 
03 
05 


40 
40 
40 
40 
85 
10 
50 
25 
80 
65 
00 
50 
40 
25 
40 
45 
30 
40 
65 
40 
65 
40 
70 


[F. No. L-14014/34/2021-GP-I (E-45607)] 
M. R. NAZMI, Under Secy. 


Uploaded by Dte. of Printing at Government of India Press, Ring Road, Mayapuri, New Delhi-110064 


and Published by the Controller of Publications, Delhi-1 10054. 


SARVESH KUMAR 
SRIVASTAVA 


