रजिस्ट्री सं . डी.एल.- 33004/99 


सं . 1759 ] 
No. 1759 ] 


- 


भारत 

राजपत्र 

The Gazette of India 


yeyjar 

P 


सत्यमेव जयते 

का 


सी . जी . डी . एल . अ . - 25042023-245408 


2635 GI / 2023 


CG - DL - E - 25042023-245408 


असाधारण 
EXTRAORDINARY 


भाग II— खण्ड 3 – उप - खण्ड ( ii ) 
PART II — Section 3— Sub - section ( ii ) 


प्राधिकार से प्रकाशित 

PUBLISHED BY AUTHORITY 


REGD . No. D. L. - 33004 / 99 


नई दिल्ली , शुक्रवार , अप्रैल 21 , 2023 / वैशाख 1 , 1945 

NEW DELHI , FRIDAY , APRIL 21 , 2023 / VAISAKHA 1 , 1945 


पेट्रोलियम और प्राकृतिक गैस मंत्रालय 

अधिसूचना 

नई दिल्ली , 18 अप्रैल , 2023 


का.आ. 1841 ( अ ) .– भारत सरकार ने पेट्रोलियम और खनिज पाइपलाइन ( भूमि में उपयोग के अधिकार का 
अर्जन ) अधिनियम , 1962 ( 1962 का 50 ) ( जिसे इसमें इसके पश्चात उक्त अधिनियम कहा गया है ) की धारा 3 की उपधारा 
( 1 ) के अधीन जारी भारत सरकार के पेट्रोलियम और प्राकृतिक गैस मंत्रालय की अधिसूचना संख्या का.आ. 462 ( अ ) तारीख 
27.01.2022 द्वारा उस अधिसूचना से संलग्न अनुसूची में विनिर्दिष्ट भूमि में गेल ( इण्डिया ) लिमिटेड द्वारा ओडिसा राज्य में 
मुंबई - नागपुर - झारसुगुड़ा पाइप लाइन ( एम एन जे पी एल ) & स्पर पाइप लाइन के माध्यम से प्राकृतिक गैस के परिवहन के 
लिए पाइपलाइन बिछाने के प्रयोजन के लिए उपयोग के अधिकार का अर्जन करने के अपने आशय की घोषणा की थी ; 


और उक्त राजपत्रित अधिसूचना की प्रतियां जनता को उपलब्ध करा दी गई थी ; 

और , सक्षम प्राधिकारी ने , उक्त अधिनियम की धारा 6 की उप - धारा ( 1 ) के अधीन भारत सरकार को अपनी 
रिपोर्ट दे दी है ; 


और भारत सरकार ने , उक्त रिपोर्ट पर विचार करने के पश्चात और यह संतुष्ट हो जाने पर कि उक्त भूमि 
पाइपलाइनें बिछाने के लिए अपेक्षित है , उस में उपयोग के अधिकार का अर्जन करने का विनिश्चय किया है ; 


अतः अब , भारत सरकार , उक्त अधिनियम की धारा 6 की उप - धारा ( 1 ) द्वारा प्रदत्त शक्तियों का प्रयोग करते हुये , 
यह घोषणा करती है कि इस अधिसूचना से संलग्न अनुसूची में विनिर्दिष्ट भूमि में पाइपलाइनें बिछाने के लिए उपयोग के 
में 
अधिकार का अर्जन किया जाता है ; 


( 1 ) 


2 


[ PART II— SEC . 3 ( ii ) ] 

और भारत सरकार , उक्त अधिनियम कि धारा 6 कि उप - धारा ( 4 ) द्वारा प्रदत्त शक्तियों का प्रयोग करते हुये , निर्देश 
देती है कि पाइपलाइनें बिछाने के लिए भूमि में उपयोग का अधिकार , इस घोषणा के प्रकाशन की तारीख को , भारत 
सरकार में निहित होने के बजाए , पाइपलाइनें बिछाने का प्रस्ताव करने वाली गेल ( इण्डिया ) लिमिटेड में निहित होगा और 
तदुपरि , भूमि में ऐसे उपयोग का अधिकार , इस प्रकार अधिरोपित निबंधनों और शर्तों के अधीन रहते हुये , सभी विल्लंगमों 
से मुक्त , गेल ( इण्डिया ) लिमिटेड में निहित होगा । 


राज्य : ओडिशा 

; 

जिला 


THE GAZETTE OF INDIA : EXTRAORDINARY 


1 

झारसुगुडा 


तहसील 


2 

लखनपुर 


मुंबई - नागपुर - झारसुगुडा प्राकृतिक गैस पाईपलाइन 
खन्ड नागपुर - झारसुगुडा 
अनुसूची 


गाँव का नाम 


3 

गीरोलपलि 


थाना न . 


4 

26 


सर्बे न 


5 

169 


178 


179 


177 


176 


183 


182/708 


182 


184 


200 


216 


218 


217 


211 


220 


221 


222 

223 


277 

276 

280 

281 

284 

285 

286 

295 

293 

292 

294 

299 

262 

300 

301 


क्षेत्रफल 

हेकटेर आर 

6 


8888888888888888 


00 


00 


00 


00 


00 


00 


00 


00 


00 


00 


00 


00 


00 


00 

00 

00 

00 

00 

00 

00 

00 

00 

00 

00 

00 

00 

00 

00 

00 

00 


वर्ग 
मिटर . 


00 

04 

00 

11 

00 

09 

00 


05 

99 

10 

30 

22 

26 

71 

03 

70 

09 

88 

12 

80 

18 

12 

19 

88 

00 01 

08 

26 

01 

74 

03 

15 

00 

44 

02 

04 

08 

98 

01 51 

08 

11 

13 

32 

04 

65 

03 55 

04 

13 

05 

06 

10 

43 

00 

89 

00 40 

20 

15 

10 

34 

00 

17 

01 

96 


[ भाग II— खण्ड 3 ( ii ) ] 

झारसुगुडा 


झारसुगुडा 


लखनपुर 


लखनपुर 


भारत का राजपत्र : असाधारण 


गीरोलपलि 


भंडुपाली 


26 


28 


261 

304 

533 
534 

534/681 

541 

540 

543 

544 

551 

520 

552 

552/745 

553 

554 

565 

564 

561 

560 

560/725 

568/684 

568/685 

607 

618 

619 

620 

1734 

1737 

1741 

1742 

1743 

1754 

1753 

1752 

1751 

1750 

1768 

1769 

1770 

1775 

1774 

1773 


1772 

1917 

1918 


00 


88888 


00 


00 


00 


00 


00 

00 

00 

00 

00 


88888 


00 


00 


00 


00 


00 

00 

00 

00 

00 

00 

00 

00 

00 

00 

00 

00 

00 

00 

00 

00 


00 


88888 


00 


00 


00 


00 

00 

00 

00 

00 


888888 


00 


00 


3 


05 

28 

02 

38 

01 

37 

06 

37 

02 

43 

11 

94 

00 

01 

09 

39 

05 

22 

03 

61 

00 

93 

05 

50 

06 12 

08 31 

01 

05 

01 

26 

03 

70 

20 

04 

00 

01 

08 

09 

01 36 

02 21 

10 

50 

14 

60 

04 

63 

11 

62 

13 

52 

07 

96 

02 

60 

06 

26 

04 

05 

04 

67 

06 

24 

04 

59 

01 

31 

13 

28 

02 

51 

05 

57 

21 

58 

00 

18 

00 

01 

02 

35 

13 

11 

16 

68 


15 

01 


4 


झारसुगुडा 


झारसुगुडा 


THE GAZETTE OF INDIA : EXTRAORDINARY 


लखनपुर 


लखनपुर 


भंडुपाली 


कुमार 


28 


29 


1919 

1915 

1953/2191 

1945 

1946 

1944 

1947 

1948 

1949 


[ PART II— SEC . 3 ( ii ) ] 

00 

16 

00 

66 

04 

86 

01 43 

02 

47 

00 

60 

03 

59 

10 

65 

01 

94 

02 

90 

00 

62 

00 

01 

07 

02 

03 

01 

09 

66 

02 

54 

03 

59 

04 

66 

15 

15 

00 

08 

05 

95 

26 

82 

00 

58 

03 

14 

11 

90 

01 

59 

10 

82 

00 

40 

00 

95 

01 67 

00 

01 

09 

35 

01 

19 

06 

21 

07 

85 

00 

36 

21 

92 

07 

60 

22 

66 

21 

50 

06 

00 

06 

00 

01 

13 

00 

17 

00 

07 


00 

00 

00 

00 

00 

00 

00 

00 

00 

00 


1940 

1940/2208 

1938 

1967 

1964 

2001 

00 

1937 

00 

1936 

00 

1999 

00 

1997 

00 

2002 

00 

1996 

00 

1995 

00 

1090 

00 

1103 

00 

1102 

00 

1101 

00 

1105 

00 

1105/2345 00 

1105/2347 00 

1122 

00 

1121 

00 

1109 

00 

1110/2121 

00 

1112 

00 

1111 

00 

1113 

00 

1114 

00 

1114/2349 00 

00 

1137 
1142 

00 

1142/2404 

1142/2408 

1143 

1197 

1198 


3888 


00 


00 


00 


00 


188888 


00 


00 


00 


00 


00 


[ भाग II— खण्ड 3 ( ii ) ] 

झारसुगुडा 


लखनपुर 


भारत का राजपत्र : असाधारण 


अताबिरा 


30 


13/2498 

14 

32 

33 

35 

36 

43 

42 

41 

38 


44 

46 

39 

47/2719 

48/2720 

60 

669/2433 

668 

67 

630 

632 

633 

623 

625 

627 

492 

492/2921 

626 

491 

494 

498 

490 

488 

485 

482 

481 

477 

476 

474 

509 

513 

516 

515 

514 

529 


00 


88888 


00 


00 


00 


00 


00 

00 

00 

00 

00 


88888 


00 


00 


00 


00 

00 

00 

00 


8888 


00 


12 

08 

29 

00 

01 

69 

00 

67 

08 

00 

12 

05 

00 

19 

47 

00 

00 

06 

00 

01 37 

00 

24 

47 

00 

01 

59 

00 

06 

01 

00 

01 31 

00 

01 79 

00 

07 58 

00 

04 

73 

00 

13 

05 

00 

03 29 

00 

06 

28 

00 

17 

29 

00 

12 

22 

00 

06 

19 

00 

02 51 

00 

02 

04 

00 07 

34 

00 

05 

45 

00 

12 

29 

00 

89 

01 

27 

00 

04 

10 

57 


00 


5 


00 


10 

92 

19 

79 

07 39 

05 67 

12 47 

02 

63 

01 

74 

13 

93 

06 

54 

05 20 

13 

99 

04 47 

08 

60 

03 

03 

01 

04 


67 


6 


झारसुगुडा 


THE GAZETTE OF INDIA : EXTRAORDINARY 


लखनपुर 


अताबिरा 


30 


524 

872 

902 

901 

900 

904 

906 

906/3205 

522 

905 

907 

927 

924 

910 

919 

918 

917 

916 

922 

974 

966 

973 

975 

968 

972 

969 

970 

1024 

1025 

1028 

1027 

1029 

1037 

1026/2382 

1026 

1023 

1038 

1039 

1040 

1041 

1043 
1361 

1269/2392 

1269 

1245 


[ PART II— SEC . 3 ( ii ) ] 


00 


88888 


00 


00 


00 


00 


00 

00 

00 

00 

00 


88888 


00 


00 


00 


00 


00 

00 

00 

00 

00 

00 

00 

00 

00 

00 

00 

00 

00 

00 

00 

00 

00 

00 

00 

00 

00 

00 

00 

00 

00 


8888 


00 


00 


00 

00 


03 

05 

02 

53 

11 

93 

08 

44 

00 

11 

01 

89 

03 

65 

08 

20 

08 

85 

09 

87 

02 

24 

00 

30 

10 

86 

11 

56 

00 

90 

07 

84 

04 

99 

00 68 

00 

49 

11 

21 

00 

04 

07 

15 

00 

01 

00 

05 

06 

05 

04 

63 

00 

01 

02 

22 

09 

19 

00 

72 

00 

80 

00 

01 

00 

15 

01 

32 

00 

42 

00 

23 

00 

94 

03 

94 

03 

67 

01 

89 

01 

37 

02 

12 

01 

30 

05 

75 

00 47 


[ भाग II— खण्ड 3 ( ii ) ] 

झारसुगुडा 


झारसुगुडा 


लखनपुर 


लखनपुर 


भारत का राजपत्र : असाधारण 


अताबिरा 


पंचगा 


30 


41 


1246 

1268 

1267 

1266 

1258 

1265 

1257 

1259 

1256 

1255 

1239 

1750 

1777 

1778 

1780 

00 

1788 

00 

1789 

00 

1794 

00 

1787 

00 

1787/3065 00 

1787/3064 00 

1787/3045 00 

1784 

00 

1785 

00 

1799 

00 

12 

00 

14 

00 

18/848 

00 

18/850 

00 

19 

00 

23/849 

00 

19/851 

00 

23 

00 

25 

00 

24 

00 

62 

00 

62/894 

00 

64 

00 

63 

00 

61 

106 

107 


108 

108/1090 

116/1141 


00 

00 

00 

00 

00 

00 

00 

00 

00 

00 


88888 


00 


00 


00 


00 


888888 


00 

02 

02 

03 

15 

00 

00 

04 

11 

01 

07 

02 

03 

07 

16 

03 

00 

00 

11 

05 

02 

00 

00 

11 

02 

00 

03 

12 

00 

09 

00 

02 

06 


56 

53 

76 

22 

11 

01 

37 

77 

74 

79 

25 

32 

26 

34 

20 

61 

03 

11 

10 

22 

62 

01 

53 

31 

02 

20 

57 

12 

13 

69 

28 

58 

45 

00 

38 

04 71 

00 

01 

07 

57 

00 

37 

08 

05 

00 

09 

00 

46 

44 

98 

02 

41 

11 98 


09 


7 


03 


8 


झारसुगुडा 


झारसुगुडा 


THE GAZETTE OF INDIA : EXTRAORDINARY 


लखनपुर 


लखनपुर 


पंचगा 


बिजापालि 


41 


42 


48 
49/787 

49 

49/1080 

40 

42 

41 

121/744 

123/747 


124/745 

121 

124 

224 

225 

232 

231 

230 

229 

236 

237 

266 

267 

265 

271 

284 

285 

285/871 

286 

286/771 

348 

349 

349/870 

346 

382 

384 

384/755 

385 

634 

635 

625 

636 

613 

612 

611 


[ PART II— SEC . 3 ( ii ) ] 


00 


88888 


00 


00 


00 


00 


00 

00 

00 

00 


88888 


00 

00 

00 

00 

00 

00 

00 

00 

00 

00 

00 

00 

00 

00 

00 

00 

00 

00 

00 

00 

00 

00 

00 

00 

00 

00 


88888 


00 


00 


00 


00 


06 

02 

07 

18 

03 

74 

03 

35 

05 49 

04 

77 

02 21 

06 

24 

03 62 

01 

63 

00 

01 

02 

26 

01 

61 

15 

84 

03 

01 

00 54 

03 

81 

06 

61 

12 

25 

02 

61 

04 

35 

03 

76 

11 

72 

00 

87 

00 

31 

07 

56 

07 

38 

21 51 

00 

01 

01 

25 

27 

28 

10 

48 

00 

03 

00 

44 

56 01 

01 

64 

02 

63 

01 

87 

01 

54 

01 

58 

03 

37 

03 

64 

08 

62 

06 

92 


[ भाग II— खण्ड 3 ( ii ) ] 

झारसुगुडा 


झारसुगुडा 


लखनपुर 


लखनपुर 


भारत का राजपत्र : असाधारण 


बिजापालि 


बाउसेनपाली 


42 


53 


610 

608 

607 

605 

604 

603 

602 

601 

566 

566/808 

567 

598 

597 

574 

575 

576 

579 

580/763 

581 

590 

589 

585 

1001 

1001/1128 

1078 

1002 

1000 

1004 

1005 

999 

1006 

1007 

1008 

1026 

1027 

1032 

1024 

1035 

1033 

1036 

1034 

1037 

1064 

1065 

1063 


00 


88888 


00 


00 


00 


00 


00 

00 

00 

00 

00 

00 

00 

00 

00 


00 

00 

00 

00 

00 

00 

00 

00 

00 

00 

00 

00 

00 

00 

00 

00 

00 

00 

00 

00 

00 

00 

00 

00 

00 

00 

00 

00 

00 

00 

00 


9 


00 

01 

06 

10 

05 

63 

05 44 

02 

20 

03 

39 

00 

01 

16 

30 

00 02 

11 

68 

10 

32 

01 

06 

04 

23 

04 

30 

04 

33 

08 

62 

09 

14 

03 

03 

06 

12 

01 82 

09 

04 

07 

48 

05 

06 

03 

86 

03 

68 

02 

46 

00 

48 

00 

09 

01 

16 

00 

85 

05 

22 

03 

42 

02 

17 

10 

17 

15 84 

00 

23 

17 

09 

01 

67 

00 

17 

09 

48 

05 

65 

01 47 

12 

92 

04 

42 

00 

28 


10 


झारसुगुडा 


झारसुगुडा 


THE GAZETTE OF INDIA : EXTRAORDINARY 


लखनपुर 


लखनपुर 


बाउसेनपाली 


कतरबगा 


53 


55 


1062 

1042 

976 

975 

1044 

970 

873 

440 

373 

372/1629 

371 

372 

377/2051 

369/2100 

367 

368 

381 

382 

382/1624 

383 

384 

366 

385 

386/1658 

386 

388 

388/1959 

399 

399/1960 

389 

387 

326 

319 

317 

316 

312 

308 

540 

541 

307 

545/1682 

542 

545 

306 

548 


[ PART II— SEC . 3 ( ii ) ] 

08 

49 

09 

97 

00 

50 

11 

44 

01 65 

08 

73 

03 

88 

02 

59 

02 

30 

05 

46 

00 

23 

09 

19 

03 

91 

08 

64 

03 

93 

11 

03 

05 

99 

02 

46 

00 

40 

04 

95 

11 

80 

00 

02 

05 

09 

03 

15 

03 

39 

09 

72 

02 

54 

00 01 

00 

01 

01 

60 

00 

06 

03 

05 

01 

21 

03 

74 

04 51 

03 

36 

03 

11 

00 

40 

07 

74 

00 

09 

06 

76 

00 

07 

01 

14 

03 

68 

04 

18 


00 

00 

00 

00 

00 

00 

00 

00 

00 

00 


88888 


00 


00 


00 


00 


00 

00 

00 

00 

00 

00 

00 

00 

00 

00 

00 

00 


00 

00 

00 

00 

00 

00 

00 

00 

00 

00 

00 

00 

00 

00 

00 

00 

00 

00 

00 


[ भाग II— खण्ड 3 ( ii ) ] 

झारसुगुडा 


लखनपुर 


भारत का राजपत्र : असाधारण 


कतरबगा 


55 


547 

549 

577 

550/1672 

584 

585 

588 

589 

590 

595 

600 

601 

602 

607/2034 

606 

607 

670/1718 

670 

672 

671 

675/1616 

675 

676 

677 

678 

681 

691 

692 

708 

706 

707 

710 

710/1628 

705 

711 

712 
713 

714/1580 

714 

715 

721 

720 

719 

718 


00 


88888 


00 


00 


00 


00 


00 

00 

00 

00 

00 


88888 


00 


00 


00 


00 


00 

00 

00 

00 

00 

00 

00 

00 

00 

00 

00 

00 


00 

00 


00 

00 

00 

00 

00 

00 

00 

00 


888 


00 


8888 


11 


00 17 

06 

20 

08 

33 

00 

93 

03 20 

05 60 

00 

68 

03 

39 

03 

80 

05 

24 

02 

82 

02 

36 

06 

76 

00 

02 

08 

11 

11 

89 

00 

77 

07 

56 

00 

01 

07 

26 

04 

17 

00 

66 

00 

01 

03 

18 

01 

48 

06 

82 

16 

97 

06 

67 

07 

21 

05 

32 

04 

97 

01 

18 

01 

06 

01 

15 

05 53 

07 

59 

00 

07 

03 

20 

06 

42 

00 

01 

03 

62 

04 

34 

03 87 

01 

55 


12 


झारसुगुडा 


THE GAZETTE OF INDIA : EXTRAORDINARY 


लखनपुर 


जमगाँ 


56 


609/1789 

00 

609/1788 00 

596 

00 

609 

00 

595 

00 

592 

00 

591 

00 

597 

00 

598 

00 

600 

00 

599 

00 

608 

00 

607 

00 

601 

00 

606 

620 

619 

622 

618 

621 

538 

535 

537 


536 


624 


639 


637 


642 


[ PART II— SEC . 3 ( ii ) ] 


640 

641 

509 

512 

511 

505 

504 

154 

153 

167 

170 

170/2094 

169 

171 

173 

171/1763 

187 

172 


00 

00 

00 

00 

00 

00 

00 


888888888 


00 


00 


00 


00 


00 


00 


00 


00 


00 


00 

00 

00 

00 

00 

00 

00 

00 

00 

00 

00 

00 

00 

00 

00 

00 


14 

19 

01 

91 

02 

67 

03 

96 

06 23 

07 

37 

00 

11 

00 

01 

02 

18 

00 

07 

02 

92 

02 

75 

03 

90 

00 

99 

02 

42 

01 

65 

00 

27 

04 

95 

00 

02 

00 

65 

19 

16 

00 

09 

03 

62 

01 

70 

01 

47 

14 

17 

00 01 

00 

12 

01 65 

00 

13 

09 

89 

06 

91 

01 

89 

26 

93 

03 

14 

18 68 

09 

47 

03 

60 

00 

81 

14 

30 

00 

07 

00 

01 

00 

01 

09 88 

00 

93 

00 12 


[ भाग II— खण्ड 3 ( ii ) ] 

झारसुगुडा 


झारसुगुडा 


झारसुगुडा 


लखनपुर 


लखनपुर 


लखनपुर 


भारत का राजपत्र : असाधारण 


जमगाँ 


तेलेन 


कुरेमाल 


56 


57 


58 


181 

186 

184 

185 

191 

192 

112 

111 

115 

116 

116/156 

118 

116/155 

139/141 

138/153 

138 

139/163 

139 

291/846 

400 

401 

421 

422 

406 

407 

408 

409/880 

410 

409 

415 

414 

479 

480 

482 

481 

724 

720 

723 

722 

721 

715 

771 

775 

769 

773 


00 


88888 


00 


00 


00 


00 


00 

00 

00 

00 

00 

00 

00 

00 

00 

00 

00 

00 

00 

00 

00 

00 

00 

00 

00 

00 

00 

00 

00 

00 

00 

00 

00 

00 

00 

00 

00 

00 

00 

00 


888888 


13 


00 08 

00 

88 

05 

09 

04 

93 

01 

86 

02 

26 

02 

23 

24 

49 

11 

16 

06 

00 

01 

61 

01 

61 

04 

43 

49 

85 

04 

35 

71 

51 

94 

82 

01 

01 

19 

03 

46 

32 

20 

01 

95 

93 

49 

43 


09 

00 

01 

27 

00 

00 

08 

00 

11 

00 

00 

00 

02 

20 

00 

11 

08 

52 

04 

01 

08 

53 

02 

43 

04 

02 

01 

71 

01 62 

00 

74 

15 

60 

00 

95 

04 

98 

00 

01 

07 

64 

00 

09 


14 


झारसुगुडा 


झारसुगुडा 


THE GAZETTE OF INDIA : EXTRAORDINARY 


लखनपुर 


लखनपुर 


कुरेमाल 


समरबगा 


58 


62 


776/912 

772 

770 

767 

780 

779 

778 

785 

783 

786 

632 

631 

630 

626 

620 

619 

617 

616 

598 

598/990 

598/989 


599 

597 

597/1196 

597/987 

596 

597/898 

4 

3 

5 

110 

477 

530 

532/789 

536 

535 

537 

538 

555 

539 

552 

551 

545 

546 

579 


[ PART II— SEC . 3 ( ii ) ] 


00 


88888 


00 


00 


00 


00 


00 

00 

00 

00 

00 


88888 


00 


00 


00 


00 


00 

00 

00 

00 

00 

00 

00 

00 

00 

00 

00 

00 


00 

00 

00 

00 

00 

00 

00 

00 

00 

00 

00 

00 

00 


888888 


00 


00 


00 


00 

54 

02 

97 

02 

42 

02 

61 

08 

80 

12 

26 

05 

18 

02 

70 

00 

08 

09 

09 

09 

92 

02 

47 

03 44 

20 49 

06 

92 

02 

95 

04 

07 

16 

85 

12 

40 

09 

99 

04 

44 

01 

20 

06 

01 

02 

40 

04 

80 

05 

45 

00 

07 

03 

10 

05 

06 

08 

16 

00 

91 

09 

56 

00 

01 

17 

51 

07 

79 

02 

24 

02 

98 

00 

04 

17 

51 

03 

24 

06 

32 

03 

35 

00 

28 

01 

09 

03 

19 


[ भाग II— खण्ड 3 ( ii ) ] 

झारसुगुडा 


झारसुगुडा 


लखनपुर 


लखनपुर 


भारत का राजपत्र : असाधारण 


समरबगा 


गोविंदपुर 


62 


64 


578 

581 

582 

583 

584 

587 

593 

592 

591 

619 

620 

622 

623 

624 

624/878 

00 

621 

00 

635 

00 

634 

00 

636 

00 

633 

00 

637 

00 

645 

00 

646 

00 

659 

00 

659/1023 00 

658 

00 

656 

00 

655 

00 

672/890 

654 

672 

673 

671/860 

683/819 

684 

683 

178 

180 

179 
181 

181/969 

190 

189 

186 

187 


00 


88888 


00 


00 


00 


00 


00 

00 

00 

00 

00 


88888 


00 


00 


00 


00 


00 

00 

00 

00 

00 

00 

00 

00 

00 

00 

00 


888888 


00 


00 


15 


20 

44 

00 

01 

01 

70 

02 

33 

00 

45 

04 

27 

05 

56 

00 

01 

05 03 

12 

09 

00 

01 

04 

74 

06 

98 

00 

16 

00 

11 

00 

02 

03 

03 

02 

02 

03 

09 

00 

00 

19 

10 

05 

00 

00 

15 

01 

00 

04 

16 

00 

04 

02 

02 

12 

00 

08 

00 

01 

07 


12 

80 

97 

36 

46 

11 

55 

40 

04 

53 

49 

49 

81 

45 

57 

90 

25 

43 

59 

94 

52 

06 

40 

89 

26 

04 

76 

03 

87 

17 


16 


झारसुगुडा 


झारसुगुडा 


THE GAZETTE OF INDIA : EXTRAORDINARY 


लखनपुर 


लखनपुर 


गोविंदपुर 


परसियान 


64 


66 


[ PART II— SEC . 3 ( ii ) ] 


188 

196 

196/814 

201 

487 

460 

458 

652 

653 

458/766 

673 

674 

675 

394 

677 

00 

678 

00 

679 

00 

679/1371 

00 

682/1370 00 

681 

00 

681/1372 

00 

680 

00 

680/1381 

00 

686 

00 

686/973 

00 

687/974 

00 

688 

00 

689 

00 

690 

00 

691 

00 

1 

00 

3 

00 

2 

00 

6 

00 

6/518 

00 

49 

00 

45 

00 

46 

00 

34 

00 

35 

36 

37 

137 

141 

140 


00 


88888 


00 


00 


00 


00 


00 

00 

00 

00 

00 


88888 


00 


00 


00 


00 


888888 


00 


00 


05 

50 

04 

18 

08 81 

19 

23 

03 77 

02 

20 

19 

99 

02 

25 

04 

14 

00 

18 

01 69 

09 

04 

08 

18 

01 

54 

11 

28 

00 

16 

02 

15 

06 

08 

00 

48 

01 

29 

00 

94 

00 

72 

03 

20 

13 

16 

00 

57 

02 

05 

00 

06 

12 

55 

08 

82 

02 

85 

03 

54 

00 

84 

08 

71 

15 

35 

13 

77 

01 

54 

07 

67 

02 25 

09 

57 

16 

78 

19 

24 

01 

45 

01 

85 

01 

02 

12 

45 


[ भाग II— खण्ड 3 ( ii ) ] 

झारसुगुडा 


झारसुगुडा 


झारसुगुडा 


लखनपुर 


लखनपुर 


लखनपुर 


भारत का राजपत्र : असाधारण 


परसियान 


कदमडीही 

सागरपली 


66 


67 


71 


139 

134 

133 

112 

111 

114 

115 

117 

118/528 

118 

113 

119 

188 

193 

192 

194 

298 

303 

302 

304 

301 

327 

289 

288 

328 

511 

629 

630 

1/1254 

1 

15 

16/1340 

15/1631 

24 

25 

27 

26 

28 

30 

31 

32 

42 

43/1462 

43/1461 
49 


00 


88888 


00 


00 


00 


00 


00 

00 

00 

00 

00 


88888 


00 


00 


00 


00 

00 

00 

00 

00 

00 

00 

00 

00 

00 

00 

00 

00 


00 

00 

00 

00 

00 

00 

00 

00 

00 

00 

00 

00 

00 

00 

00 

00 

00 

00 

00 


17 


10 

83 

86 

40 

66 

06 

01 

40 

81 

96 

38 

94 

04 

19 

32 

10 

78 

83 

89 

53 

51 

64 

58 

96 

41 

85 


10 

10 

05 

01 

04 

15 

00 

00 

07 

01 

04 

03 

02 

02 

03 

23 

08 

01 

07 

00 

00 

00 

00 

02 

12 

19 

11 

75 

11 

40 

40 

45 

10 

76 

06 

84 

00 

07 

04 96 

00 

74 

06 

15 

03 

40 

00 

01 

03 

17 

14 

95 

04 

88 

17 

13 

00 

01 

01 

27 

05 

83 

07 54 


18 


झारसुगुडा 


THE GAZETTE OF INDIA : EXTRAORDINARY 


लखनपुर 


सागरपली 


71 


51 

52 

55 

61 

60 

59 

70 

70/1459 

77 

77/1896 

78 

71/1634 

79 


79/1456 

131/1259 

382/1261 

321 

321/1536 

322 

323 

351 

355 

356 

360 

362 

364 

365 


372 


377 


378 


376 

404 
402/1722 


405 


406 


395 


410 


394 


394/1585 


422 


421 


423 


428 


430 


431 


[ PART II— SEC . 3 ( ii ) ] 

04 

31 

13 

83 

08 

54 

11 

09 

17 

52 

01 01 

08 

56 

17 

74 

01 

53 

49 

18 

61 

32 

48 

01 


00 

00 

00 

00 

00 

00 

00 

00 

00 

00 

00 

00 

00 

00 

00 

00 

00 

00 

00 

00 

00 


00 

10 

00 

10 

03 

74 

70 

92 

06 

84 

02 

98 

20 

12 

02 00 

01 

00 

00 

93 

00 

02 

02 

77 

02 33 

10 

35 

02 

91 

01 

85 

07 80 

03 

17 

01 66 

08 

95 

00 

01 

03 

90 

09 

92 

09 

17 

02 

51 

04 

61 

00 

40 

13 

41 

00 

01 

01 

85 

12 

55 

02 

29 

00 04 

25 


88888 


00 


00 


00 


00 

00 


8888888888888888888 


00 


00 


00 


00 


00 


00 


00 


00 


00 


00 


00 


00 


00 


00 


00 


00 


00 


00 


[ भाग II— खण्ड 3 ( ii ) ] 

झारसुगुडा 


झारसुगुडा 


लखनपुर 


लखनपुर 


भारत का राजपत्र : असाधारण 


सागरपली 


ठेबेरा 


71 


11 


432 

433 

434 

435 

438 

437 

440 

448/1708 

442 

443 

444 

445 

445/1387 

1/1752 

2 

5 

4 

35 

34 

36 

33 

38 

38/2658 

38/2673 

37 
37/2657 

50 

00 

00 

50/2674 
51 

00 

51/2675 

00 

339 

00 

340 

00 

337 

00 

338 

00 

345 

00 

346 

00 

344 

00 

291 

00 

347 

00 

348 

00 

401 

00 

401/1778 

00 

397/1777 00 

399 

00 

398 

00 


00 


88888 


00 


00 


00 


00 


00 

00 

00 

00 

00 


88888 


00 


00 


00 


00 


00 

00 

00 

00 

00 

00 

00 

00 

00 

00 

00 

00 


19 


00 08 

01 

98 

43 

15 

06 

01 

01 

77 

01 

81 

22 

66 

00 

01 

02 71 

00 

12 

01 88 

07 

38 

00 

17 

00 

64 

04 

65 

05 

21 

06 

83 

05 

18 

00 84 

03 

09 

00 

01 

00 

30 

00 

85 

00 

78 

00 

02 

02 

97 

05 

95 

07 

59 

20 

60 

01 

39 

02 

45 

00 

01 

00 

16 

10 

03 

04 42 

01 

39 

01 

48 

38 

85 

01 

41 

03 

59 

04 

01 

05 28 

00 

18 

04 

90 

07 47 


20 


झारसुगुडा 


झारसुगुडा 


THE GAZETTE OF INDIA : EXTRAORDINARY 


लखनपुर 


लखनपुर 


| 


ठेबेरा 


सिंघारपुर 


| 


11 


12 


396/1776 

396 

395 

390 

389 

370 

364 

388 

387 

386 

385 

384/1810 

447 

384 

382 

381 

456 

325 

334 

333 

345 

345/2092 

344 

337 

342 

343 

341 

340 

464 

465 

465/2088 

465/2087 
468 

467 

551 

550 

552 

562 

1851 

1850 

1847 

1849 

1848 

1844 

1843 


[ PART II— SEC . 3 ( ii ) ] 

01 

89 

06 

64 

02 

00 

17 

89 

16 

09 

00 

01 

00 

01 

03 

03 

02 

10 

01 

18 

11 

93 

03 

73 

04 98 

00 93 

00 

01 

09 

88 

04 

95 

01 

22 

09 41 

04 

89 

03 

97 

00 

19 

06 45 

02 

03 

05 

56 

10 

79 

09 

71 

02 

35 

03 

78 

09 

35 

01 

28 

00 

50 

00 

91 

05 

52 

01 

75 

06 

65 

16 

51 

07 

16 

31 

40 

09 

05 

05 

33 

02 

05 

10 

52 

01 

89 

11 

57 


00 


8888 


00 


00 


00 


00 

00 

00 

00 

00 


88888 


00 


00 


00 


00 


00 

00 

00 

00 

00 

00 

00 

00 

00 

00 

00 

00 

00 

00 

00 

00 

00 


88888 


00 


00 


00 

00 

00 

00 


888888 


00 


00 


00 


[ भाग II— खण्ड 3 ( ii ) ] 

झारसुगुडा 


लखनपुर 


भारत का राजपत्र : असाधारण 


सिंघारपुर 


12 


1814 

00 

1815 

00 

1815/2479 

00 

1812 

00 

1811/1910 00 

1763/1915 00 

1782 

00 

1783 

00 

1781 

00 

1776 

00 

1780 

1779 

1777 

1778 

1770 

00 

1770/2151 00 

1769 

00 

1795 

00 

1768 

00 

1767 

00 

1766 

00 

1754 

00 

1755 

00 

1751 

00 

1752 

00 

1749 

00 

1750 

00 

1726 

00 

1727 

00 

1725 

00 

1664 

00 

1645 

00 

1646 

00 

1647 

00 

1629 

00 

1641 

00 

1640 

00 

1639 

00 

1637 

00 

1632 

00 

1631 

00 

1633 

00 

1628 

00 

1622 

00 

1627 

00 


88888 


00 


00 


00 


00 


21 


04 97 

00 

25 

00 

17 

03 

32 

28 

48 

17 

82 

02 

20 

00 

59 

00 

74 

09 

54 

00 

43 

00 

76 

02 

85 

01 

63 

01 

51 

03 

83 

09 

15 

00 

02 

03 

35 

03 

54 

02 

48 

07 

65 

00 

41 

03 

75 

02 

02 

03 

04 

02 

62 

06 

17 

06 

52 

00 

01 

01 

74 

01 

65 

01 

37 

07 

97 

00 

43 

00 

34 

00 

79 

00 

01 

07 

09 

02 

99 

02 

03 

01 

59 

06 

30 

01 54 

04 

15 


22 


झारसुगुडा 


झारसुगुडा 


THE GAZETTE OF INDIA : EXTRAORDINARY 


लखनपुर 


लखनपुर 


सिंघारपुर 


बागमुंडा 


12 


13 


[ PART II— SEC . 3 ( ii ) ] 


1648 

00 

1649 

00 

1618 

00 

1523 

00 

1525/1984 00 

1524 

00 

1511/1983 

00 

1511 

00 

1512 

00 

1503 

00 

1495/2144 

1502 

1504/2143 

1505/2142 

1504 

1505 

1507 

1466 

1465 

1464 

259 

260 

257 

257/2453 

262 

256 

255 

263 

264 

264/3463 

269 

268 

267 

244 

242 

241 

273 

271 

272 

274 

276 

278 


277 

275 

299 


88188 


00 


00 


00 

00 

00 

00 

00 

00 

00 

00 

00 

00 

00 

00 

00 

00 

00 

00 

00 

00 

00 

00 

00 

00 

00 

00 

00 

00 

00 


888888 


00 


00 


02 

99 

01 

17 

00 

91 

06 

53 

17 

54 

08 

91 

04 

58 

20 

24 

10 

51 

05 

60 

00 

15 

00 

01 

01 

78 

01 20 

01 

02 

05 

03 

00 

03 

04 

00 

02 

02 

04 

02 

01 84 

03 

51 

02 

00 

00 

33 

05 

00 

15 

52 

01 

06 

06 

83 

01 

94 

02 

55 

02 

42 

05 

22 

00 

01 

03 

81 

01 45 

00 

46 

08 

17 

00 01 

07 

62 

02 

71 

02 

99 

00 

01 

02 

03 

58 

24 


00 

14 


[ भाग II— खण्ड 3 ( ii ) ] 

झारसुगुडा 


लखनपुर 


भारत का राजपत्र : असाधारण 


बागमुंडा 


13 


302 

305 

305/3404 

304 

301 

303 

326 

327 

329 

333 

330 

331 

374 

468 

469 

478 

479 

484 

480/2492 

483 

452 

482 

453 

455 

454 

445 

456 

444 

443 

416 

417 

404 

403 

401 

402 

399 

397 

397/2443 

398 

395 

861 

862 

856/2474 

863 

864 


00 


88888 


00 


00 


00 


00 


00 

00 

00 

00 

00 


88888 


00 


00 


00 


00 


00 

00 

00 

00 

00 

00 

00 

00 

00 

00 

00 

00 

00 

00 

00 

00 

00 

00 

00 

00 

00 

00 

00 

00 

00 


888888 


00 


00 


00 


23 


02 

46 

00 

56 

01 

03 

01 

09 

00 

31 

02 

91 

09 

43 

06 

22 

00 01 

07 

75 

02 

54 

00 

92 

04 

27 

07 

34 

06 

58 

07 

07 

13 

01 

05 

45 

00 

44 

06 

53 

00 

20 

03 

07 

18 

70 

00 

61 

00 

63 

03 

45 

02 

28 

04 

89 

08 

78 

11 

22 

10 

92 

16 

22 

02 42 

03 

55 

05 47 

04 

89 

03 

49 

00 

01 

04 

89 

02 

73 

11 

32 

09 

38 

14 

76 

21 

03 

03 

24 


24 


झारसुगुडा 


झारसुगुडा 


झारसुगुडा 


THE GAZETTE OF INDIA : EXTRAORDINARY 


लखनपुर 


लखनपुर 


लखनपुर 


बागमुंडा 


बेलपाहाड़ 


छूआलिबेरेणा 


13 


10 


7 


[ PART II— SEC . 3 ( ii ) ] 


869 

870 

871 

874 

875 

873 

00 

876 

00 

2038 

00 

2039 

00 

2040 

00 

2041 

00 

2042 

00 

2043 

00 

2044 

00 

2062 

00 

2061 

00 

2060/8503 

00 

2060/8504 00 

2060 

00 

2063 

00 

2056 

00 

1015 

00 

2131 

00 

215 

00 

199 

00 

200 

00 

192 

00 

191 

00 


00 


88888 


MINISTRY OF PETROLEUM AND NATURAL GAS 


00 


00 


00 


00 


16 

25 

01 

21 

00 

18 

01 

99 

00 

01 

03 

60 

11 

07 

00 

83 

01 

79 

02 

13 

02 

71 

04 

97 

03 

80 

03 

81 

01 

48 

14 

05 

00 

95 

13 

63 

07 

97 

03 75 

07 

74 

33 

27 

01 

70 

00 

88 

11 

65 

00 

20 

01 79 

18 65 


[ फा . सं . एल -14014 / 249 / 2021 - जीपी- II ( ई -41255 ) ] 

रामजीलाल मीना , अवर सचिव 


NOTIFICATION 

New Delhi , the 18th April , 2023 

S.O. 1841 ( E ) . – Whereas by the notification of Government of India in Ministry of Petroleum and Natural 
Gas vide S. O. No. 462 ( E ) dated 27.01.2022 issued under sub- section ( 1 ) of section 3 of the Petroleum and Minerals 
Pipeline ( Acquisition of Right of Users in Land ) Act , 1962 ( 50 of 1962 ) ( hereinafter referred to as the said Act ) , 
Government of India declared its intention to acquire the Right of User in the land specified in the Schedule appended 
to that notification for the purpose of laying pipeline for transportation of natural gas through Mumbai - Nagpur 
Jharsuguda Pipeline ( MNJPL ) & Spur Pipeline in the State of Odisha by GAIL ( India ) Limited ; 

And whereas copies of the said Gazette notification were made available to the public ; 

And , whereas the Competent Authority has , under sub - section ( 1 ) of Section 6 of the said Act , submitted his 
report to Government of India ; 


And whereas Government of India after considering the said report and on being satisfied that the said land is 
required for laying the pipelines , has decided to acquire the Right of User therein ; 


[ भाग II– खण्ड 3 ( ii ) ] 

25 

Now , therefore , in exercise of the powers conferred by sub - section ( 1 ) of section 6 of the said Act , 
Government of India hereby declares that the Right of User in the land specified in the Schedule appended to this 
notification is hereby acquired for laying the pipeline ; 


And , further , in exercise of the powers conferred by sub - section ( 4 ) of Section 6 of the said Act , Government 
of India hereby directs that the Right of User in the land for laying the pipeline shall , instead of vesting in Government 
of India , vest , on this date of the publication of the declaration , in the GAIL ( India ) Limited , free from all 
encumbrances . 


State : Odisha 


District 


1 
Jharsuguda 


भारत का राजपत्र : असाधारण 


Mumbai - Nagpur - Jharsuguda Natural Gas Pipeline 
Section- Nagpur - Jharsuguda 


Tehsil 


2 

Lakhanpur 


SCHEDULE 


Village 


3 

Girolpali 


Thana No. 


4 

26 


Survey No. 


5 

169 

178 

179 

177 

176 
183 

182/708 

182 

184 

200 

216 

218 

217 

211 

220 


221 


222 


223 


277 


276 


280 


281 


284 


285 


286 


295 


293 


292 


294 

299 

262 

300 

301 

261 

304 

533 

534 

534/681 


Area 

Hect . Are 

6 


00 

00 

00 


888888 


00 


00 


00 


00 


00 

00 

00 

00 

00 

00 


888888888888 
|| 
8 
| 9 
| 18 
| 


00 


00 


00 


00 


00 


00 


00 


00 


00 


00 


00 


00 


00 


00 


00 


00 


00 


00 


8888888 


00 


00 


00 


00 


00 


00 


00 


00 

04 

00 

11 

00 

09 

00 

03 

09 


12 

18 

19 

00 

08 


01 


03 

00 

02 


08 


01 


08 

13 

04 


03 


04 

05 

10 

00 

00 

20 

10 

00 

01 


05 

02 

01 

06 

02 


Sq . 

mtr . 


05 

99 

10 

30 

22 

26 

71 

70 

88 

80 

12 

88 

01 

26 

74 

15 

44 

04 

98 

51 

11 

32 

65 

55 

13 

06 

43 

89 

40 

15 

34 

17 

96 

28 

38 

37 

37 

43 


26 


Jharsuguda 


Jharsuguda 


THE GAZETTE OF INDIA : EXTRAORDINARY 


Lakhanpur 


Lakhanpur 


Girolpali 


Bhundupali 


26 


28 


541 

540 

543 

544 

551 

520 
552 

552/745 

553 

554 


565 


564 


561 

560 

560/725 


568/684 

568/685 
607 

618 


619 

620 

1734 

1737 

1741 

1742 

1743 

1754 


1753 


1752 


1751 


1750 


1768 


1769 


1770 


1775 


1774 


1773 


1772 


1917 


1918 


1919 

1915 

1953/2191 

1945 

1946 


1944 


1947 


1948 


1949 

1940 

1940/2208 

1938 

1967 


[ PART II - SEC . 3 ( ii ) ] 


00 

00 


00 

00 


8888 


00 


00 


00 


00 


8888888888888 


00 


00 


00 


00 


00 


00 


00 


00 


00 


00 


00 


00 


00 


00 

00 

00 

00 

00 


888888888888888888888888888 


00 


00 


00 


00 


00 


00 


00 


00 


00 


00 


00 


00 


00 


00 


00 


00 


00 


00 


00 


00 


00 


00 


00 


00 


00 


00 


00 


11 

00 

09 

05 

03 

00 

05 

06 

08 


01 

01 

03 


20 


00 


08 


01 

02 

10 


14 


04 

11 

13 

07 

02 

06 

04 

04 

06 

04 


01 


13 

02 

05 


21 

00 

00 

02 

13 

15 

01 

00 

00 


04 


01 

02 

00 


03 

10 

01 

02 

00 

00 

07 


94 

01 

39 

22 

61 

93 

50 

12 

31 

05 

26 

70 

04 

01 

09 

36 

21 

50 

60 

63 

62 


52 

96 

60 

26 

05 

67 

24 

59 

31 

28 

51 

57 

58 

18 

01 

35 

11 

16 

68 

16 

66 

86 

43 

47 

60 

59 

65 

94 

90 

62 

01 

02 


[ भाग II— खण्ड 3 ( ii ) ] 

Jharsuguda 


Jharsuguda 


Jharsuguda 


Lakhanpur 


Lakhanpur 


Lakhanpur 


भारत का राजपत्र : असाधारण 


Bhundupali 


Kumar 


Atabira 


28 


29 


30 


1964 

2001 

1937 

1936 

1999 

1997 

2002 

1996 

1995 

1090 


1103 


1102 


1101 

1105 

1105/2345 


1105/2347 

1122 

1121 

1109 

1110/2121 

1112 


1111 


1113 

1114 

1114/2349 

1137 

1142 


1142/2404 

1142/2408 
1143 

1197 
1198 
13/2498 

14 

32 


33 


35 

36 

43 

42 

41 


38 


44 


46 

39 

47/2719 

48/2720 
60 
669/2433 
668 

67 

630 

632 


00 

00 


88888 


00 


00 


00 


00 


00 


00 


8888888888888888 


00 


00 


00 


00 


00 


00 


00 


00 


00 


00 


00 


00 


00 


00 


00 


00 


00 


00 


888888888888 


00 


00 


00 


00 


00 


00 


00 


88888888888888 


00 


00 


00 


00 


00 


00 


00 


00 


00 


00 


00 


00 


00 


00 


03 

09 

02 

03 

04 

15 

00 

05 

26 


00 


03 


11 


01 


10 


00 


00 

01 


00 


09 


01 


06 

07 

00 

21 

07 

22 

21 


06 


06 


01 


00 


00 


10 


19 


07 


05 


12 


02 

01 

13 


06 


05 


13 


04 


08 


03 


03 


01 


04 


01 


67 


12 


19 


27 


01 

66 

54 

59 

66 

15 

08 

95 

82 

58 

14 

90 

59 

82 

40 

95 

67 

01 

35 

19 

21 

85 

36 

92 

60 

66 

50 

00 

00 

13 

17 

07 

92 

79 

39 

67 

47 

63 

74 

93 

54 

20 

99 

47 

60 

67 

12 

08 

29 

69 

08 

05 

47 


28 


Jharsuguda 


THE GAZETTE OF INDIA : EXTRAORDINARY 


Lakhanpur 


Atabira 


30 


633 

623 

625 

627 

492 


492/2921 

626 

491 

494 

498 

490 


488 

485 

482 

481 

477 

476 

474 

509 

513 

516 

515 

514 

529 

524 

872 

902 

901 

900 

904 

906 

906/3205 

522 

905 

907 

927 


924 


910 


919 


918 


917 


916 


922 


974 


966 


973 


975 


968 


972 


969 


970 


1024 

1025 


[ PART II - SEC . 3 ( ii ) ] 


00 

00 

00 

00 

00 

00 

00 

00 


88888888 


00 


00 


00 


00 


00 

00 

00 

00 

00 

00 

00 


888888 


00 


00 


00 


00 


00 


00 

00 

00 

00 

00 

00 

00 

00 


888888888888888888 


00 


00 


00 


00 


00 


00 


00 


00 


00 


00 

01 

24 

01 

06 

01 

01 

07 

04 


13 


03 


06 


17 


12 

06 

02 

02 

07 

05 

12 

00 

01 

00 

10 

03 

02 

11 

08 

00 

01 

03 

08 

08 

09 

02 

00 


10 


11 


00 


07 


04 


00 


00 


11 

00 
07 

00 

00 


06 


04 


00 


02 


09 


06 

37 

47 

59 

01 

31 

79 

58 

73 

05 

29 

28 

29 

22 

19 

51 

04 

34 

45 

29 

89 

27 

04 

57 

05 

53 

93 

44 

11 

89 

65 

20 

85 

87 

24 

30 

86 

56 

90 

84 

99 

68 

49 

21 

04 

15 

01 

05 

05 

63 

01 

22 

19 


[ भाग II— खण्ड 3 ( ii ) ] 

Jharsuguda 


Jharsuguda 


Lakhanpur 


Lakhanpur 


भारत का राजपत्र : असाधारण 


Atabira 


Panchga 


30 


41 


1028 

1027 

1029 

1037 

1026/2382 

1026 

1023 


1038 


1039 


1040 


1041 


1043 

1361 

1269/2392 

1269 

1245 

1246 

1268 
1267 

1266 
1258 

1265 

1257 

1259 

1256 

1255 

1239 


1750 


1777 


1778 


1780 


1788 


1789 


1794 

1787 

1787/3065 


1787/3064 

1787/3045 
1784 

1785 


1799 


12 

14 

18/848 


18/850 

19 


23/849 


19/851 

23 

25 


24 

62 

62/894 


00 

00 


88888888888888 


00 


00 


00 


00 


00 


00 


00 


00 


00 


00 


00 


00 


00 


00 

00 

00 


8888 


00 


00 


00 


00 

00 

00 

00 

00 


88888888888888888888888888 


00 


00 


00 


00 


00 


00 


00 


00 


00 


00 


00 


00 


00 


00 


00 


00 


00 


00 


00 


00 


00 


00 


00 


00 


00 


00 


00 


00 

00 

00 

00 

01 

00 

00 

00 

03 

03 

01 

01 


02 

01 

05 

00 

00 

02 

02 

03 

15 

00 

00 

04 

11 

01 

07 

02 

03 


07 


16 


03 


00 


00 

11 

05 


02 

00 

00 

11 


02 


00 


03 


12 

00 

09 


00 


02 


06 

00 

04 

00 

07 


29 


72 

80 

01 

15 

32 

42 

23 

94 

94 

67 

89 

37 

12 

30 

75 

47 

56 

53 

76 

22 

11 

01 


37 

77 

74 

79 

25 

32 

26 

34 

20 

61 

03 

11 

10 

22 

62 

01 

53 

31 

02 

20 


57 


12 

13 

69 

28 

58 

45 

38 

71 

01 

57 


30 


Jharsuguda 


THE GAZETTE OF INDIA : EXTRAORDINARY 


Lakhanpur 


Bijapali 


42 


64 

63 

61 

106 


107 

108 

108/1090 


116/1141 

48 

49/787 
49 

49/1080 

40 

42 

41 

121/744 


123/747 


124/745 

121 

124 

224 

225 

232 

231 

230 

229 

236 

237 

266 


267 


265 


271 


284 

285 

285/871 
286 

286/771 

348 

349 

349/870 

346 

382 

384 

384/755 

385 

634 


635 


625 


636 


613 


612 


611 

610 


[ PART II - SEC . 3 ( ii ) ] 


00 

00 


00 


888888888888888888 


00 


00 


00 


00 


00 


00 


00 


00 


00 


00 


00 


00 


00 


00 


00 


00 


00 


00 


00 

00 

00 

00 

00 

00 

00 


888888888888888888888888 


00 


00 


00 


00 


00 


00 


00 


00 


00 


00 


00 


00 


00 


00 


00 


00 


00 


00 


00 


00 


00 


00 


00 

08 

00 

00 

09 

03 

02 

11 

06 


07 

03 

03 


05 

04 

02 


06 

03 

01 

00 

02 

01 

15 

03 

00 

03 

06 

12 

02 

04 


03 


11 


00 


00 


07 

07 

21 

00 

01 

27 

10 


00 


00 


56 


01 


02 


01 


01 

01 

03 


03 


08 

06 

00 


37 

05 

09 

46 

44 

98 

41 

98 

02 

18 

74 

35 

49 

77 

21 

24 

62 

63 

01 

26 

61 

84 

01 


54 

81 

61 

25 

61 

35 

76 

72 

87 

31 

56 

38 

51 

01 

25 

28 

48 

03 

44 

01 

64 

63 

87 


54 

58 

37 

64 

62 

92 

01 


[ भाग II— खण्ड 3 ( ii ) ] 

Jharsuguda 


Jharsuguda 


Jharsuguda 


Lakhanpur 


Lakhanpur 


Lakhanpur 


भारत का राजपत्र : असाधारण 


Bijapali 


Bausenpali 


Bausenpali 


42 


53 


53 


608 

607 

605 

604 


603 


602 


601 

566 


566/808 

567 

598 


597 


574 


575 

576 
579 

580/763 

581 

590 

589 

585 
1001 

1001/1128 

1078 

1002 

1000 

1004 


1005 


999 


1006 


1007 


1008 


1026 


1027 


1032 


1024 


1035 


1033 


1036 


1034 


1037 


1064 


1065 


1063 


1062 


1042 


976 


975 


1044 


970 


873 


440 

373 


00 

00 


88888888888888 


00 


00 


00 


00 


00 


00 


00 


00 


00 


00 


00 


00 


00 


00 


00 

00 


8888 


00 


00 


00 


00 

00 

00 

00 

00 


88888888888888888888888888 


00 


00 


00 


00 


00 


00 


00 


00 


00 


00 


00 


00 


00 


00 


00 


00 


00 


00 


00 


00 


00 


00 


00 


00 


00 


00 


00 


06 

05 

05 

02 


03 


00 

16 

00 

11 


10 

01 

04 

04 

04 

08 

09 

03 

06 

01 

09 

07 

05 

03 

03 

02 

00 

00 


01 


00 


05 


03 


02 


10 


15 

00 

17 

01 

00 

09 

05 

01 


12 


04 


00 


08 


09 


00 

11 

01 


08 


03 


02 

02 


31 


10 

63 

44 

20 

39 

01 

30 

02 

68 

32 

06 

23 

30 

33 

62 

14 

03 

12 

82 

04 

48 

06 

86 

68 

46 

48 

09 

16 

85 

22 

42 

17 

17 

84 

23 

09 

67 

17 

48 

65 

47 

92 

42 

28 

49 

97 

50 

44 

65 

73 

88 

59 

30 


32 


Jharsuguda 


Jharsuguda 


THE GAZETTE OF INDIA : EXTRAORDINARY 


Lakhanpur 


Lakhanpur 


Katarbaga 


Katarbaga 


55 


55 


372/1629 

371 
372 


377/2051 


369/2100 

367 

368 


381 

382 

382/1624 

383 

384 


366 

385 

386/1658 

386 

388 

388/1959 
399 

399/1960 

389 

387 

326 

319 

317 

316 

312 

308 

540 


541 

307 

545/1682 

542 

545 


306 


548 


547 


549 

577 

550/1672 

584 

585 


588 


589 


590 


595 


600 


601 

602 

607/2034 

606 
607 

670/1718 


[ PART II - SEC . 3 ( ii ) ] 


00 

00 


00 


888888888888888888 


00 


00 


00 


00 


00 


00 


00 


00 


00 


00 


00 


00 


00 


00 


00 


00 


00 


00 


00 

00 

00 

00 

00 

00 

00 


8888888888888888888888888 


00 


00 


00 


00 


00 


00 


00 


00 


00 


00 


00 


00 


00 


00 


00 


00 


00 


00 


00 


00 


00 


00 


00 


00 


00 


05 

00 

09 

03 

08 

03 

11 

05 

02 

00 

04 

11 


00 


05 


03 


03 

09 

02 

00 

00 

01 

00 

03 

01 

03 

04 

03 

03 

00 


07 


00 


06 


00 


01 

03 

04 


00 

06 

08 

00 

03 


05 


00 


03 


03 

05 


02 


02 


06 

00 

08 

11 

00 


46 

23 

19 

91 

64 

93 

03 

99 

46 

40 

95 

80 

02 

09 

15 

39 

72 

54 

01 

01 

60 

06 

05 


21 


74 

51 

36 

11 

40 

74 

09 


76 
7 
14 


07 


68 

18 

17 

20 

33 

93 

20 

60 

68 

39 

80 

24 

82 

36 

76 

02 

11 

89 

77 


[ भाग II— खण्ड 3 ( ii ) ] 

Jharsuguda 


Jharsuguda 


Lakhanpur 


Lakhanpur 


भारत का राजपत्र : असाधारण 


Katarbaga 


Jamgan 


55 


56 


670 

672 

671 

675/1616 

675 

676 


677 


678 


681 


691 


692 


708 


706 


707 

710 

710/1628 

705 

711 


712 

713 

714/1580 

714 

715 

721 

720 

719 

718 

609/1789 
609/1788 

596 

609 


595 


592 


591 


597 


598 


600 


599 


608 


607 


601 


606 


620 


619 


622 


618 


621 


538 


535 


537 


536 


624 


639 


00 

00 


8888888888888888888 


00 


00 


00 


00 


00 


00 


00 


00 


00 


00 


00 


00 


00 


00 


00 


00 


00 


00 


00 


00 

00 

00 

00 

00 

00 


88888888888888888888888888 


00 


00 


00 


00 


00 


00 


00 


00 


00 


00 


00 


00 


00 


00 


00 


00 


00 


00 


00 


00 


00 


00 


00 


00 


07 

00 

07 

04 

00 

00 

03 

01 

06 

16 

06 

07 

05 

04 


01 


01 

01 

05 

07 

00 

03 

06 

00 

03 

04 

03 

01 

14 


01 


02 


03 


06 


07 


00 

00 

02 


00 

02 

02 

03 

00 

02 


01 


00 

04 

00 


00 

19 

00 

03 

01 

01 


14 


33 


56 

01 

26 

17 

66 

01 

18 

48 

82 

97 

67 

21 

32 

97 

18 

06 

15 


53 

59 

07 

20 

42 

01 

62 

34 

87 

55 

19 

91 

67 

96 

23 

37 

11 

01 

18 

07 

92 

75 

90 

99 

42 


65 

27 

95 

02 

65 

16 

09 

62 

70 

47 

17 


34 


Jharsuguda 


Jharsuguda 


Jharsuguda 


Jharsuguda 


THE GAZETTE OF INDIA : EXTRAORDINARY 


Lakhanpur 


Lakhanpur 


Lakhanpur 


Lakhanpur 


Jamgan 


Telen 


Telen 


Kuremal 


56 


57 


57 


58 


637 

642 

640 

641 

509 


512 


511 


505 


504 


154 


153 


167 

170 

170/2094 

169 

171 
173 

171/1763 
187 

172 

181 


186 

184 

185 

191 

192 

112 

111 
115 

116 
116/156 
118 
116/155 

139/141 

138/153 
138 

139/163 

139 

291/846 

400 

401 


421 


422 


406 


407 

408 


409/880 

410 

409 


415 


414 


479 

480 


[ PART II - SEC . 3 ( ii ) ] 


00 

00 


00 


8888888888888 


00 


00 


00 


00 


00 


00 


00 


00 


00 


00 


00 


00 


00 


00 

00 


8888 


00 


00 


00 


00 

00 

00 

00 


00 

00 

00 


888888888888888888888888 


00 


00 


00 


00 


00 


00 


00 


00 


00 


00 


00 


00 


00 


00 


00 


00 


00 


00 


00 


00 


00 


00 


00 


00 


00 

00 

01 


00 


09 


06 

01 

26 

03 

18 

09 

03 

00 

14 

00 

00 

00 

09 

00 

00 

00 

00 

05 

04 

01 

02 

02 

24 

11 


06 


01 


01 


04 


49 

04 

09 


00 


01 

27 

00 


00 


08 


00 


11 


00 


00 


00 

02 

20 

00 

11 

08 

04 


01 

12 

65 

13 

89 

91 

89 

93 

14 

68 

47 

60 

81 

30 

07 

01 

01 

88 

93 

12 

08 

88 

09 


93 

86 

26 

23 

49 

16 

00 

61 

61 

43 

85 

35 

71 

51 

94 

82 

01 

01 

19 

03 

46 

32 

20 

01 

95 

93 

49 

43 

52 

01 


[ भाग II— खण्ड 3 ( ii ) ] 

Jharsuguda 


Jharsuguda 


Lakhanpur 


Lakhanpur 


भारत का राजपत्र : असाधारण 


Kuremal 


Samarbaga 


58 


62 


482 

481 

724 

720 


723 


722 


721 


715 


771 


775 


769 

773 

776/912 

772 

770 

767 

780 

779 

778 

785 

783 

786 

632 

631 

630 

626 

620 

619 

617 


616 

598 

598/990 


598/989 

599 

597 
597/1196 

597/987 
596 

597/898 

4 

3 


5 


110 


477 


530 

532/789 

536 

535 


537 


538 


555 


539 

552 


00 

00 


88888888888888 


00 


00 


00 


00 


00 


00 


00 


00 


00 


00 


00 


00 


00 


00 


00 

00 

00 

00 

00 

00 

00 

00 

00 


00 

00 

00 


888888888888888888888888 


00 


00 


00 


00 


00 


00 


00 


00 


00 


00 


00 


00 


00 


00 


00 


00 


00 


00 


00 


00 


00 


00 


00 


08 

02 

04 

01 


01 


00 

15 

00 

04 

00 

07 

00 

00 


02 


02 


02 

08 

12 

05 

02 

00 

09 

09 

02 

03 

20 

06 

02 

04 


16 


12 


09 


04 


01 

06 

02 


04 

05 

00 

03 


05 

08 


00 


09 

00 

17 


07 

02 

02 

00 

17 

03 

06 


35 


53 

43 

02 

71 

62 

74 

60 

95 

98 

01 

64 

09 

54 

97 

42 

61 

80 

26 

18 

70 

08 

09 

92 

47 

44 

49 

92 

95 

07 

85 

40 

99 

44 

20 

01 

40 

80 

45 

07 

10 

06 

16 

91 

56 

01 

51 

79 

24 

98 

04 

51 

24 

32 


36 


Jharsuguda 


Jharsuguda 


Jharsuguda 


THE GAZETTE OF INDIA : EXTRAORDINARY 


Lakhanpur 


Lakhanpur 


Lakhanpur 


Samarbaga 


Govindpur 


Govindpur 


62 


64 


64 


551 

545 

546 

579 

578 

581 
582 
583 

584 

587 

593 

592 


591 

619 

620 

622 

623 

624 
624/878 
621 

635 

634 

636 

633 

637 

645 

646 

659 
659/1023 

658 

656 

655 

672/890 

654 

672 

673 

671/860 


683/819 

684 

683 


178 


180 


179 

181 

181/969 

190 

189 


186 


187 


188 

196 

196/814 

201 


[ PART II - SEC . 3 ( ii ) ] 


00 

00 


00 

00 


8888 


00 


00 


00 


00 


88888888 


00 


00 


00 


00 


00 


00 


00 


00 


00 


00 


8888 


00 


00 


00 


00 

00 

00 

00 

00 

00 

00 


8888888888888888888888888 


00 


00 


00 


00 


00 


00 


00 


00 


00 


00 


00 


00 


00 


00 


00 


00 


00 


00 


00 


00 


00 


00 


03 

00 

01 

03 

20 

00 

01 

02 

00 

04 

05 

00 


05 


12 

00 

04 

06 

00 

00 

00 

02 

03 

03 

02 

02 

03 

09 

00 

00 


19 


10 


05 


00 


00 

15 

01 


00 

04 

16 

00 

04 

02 


02 

12 

00 

08 


00 

01 

07 


05 


04 

08 

19 


35 

28 

09 

19 

44 

01 

70 

33 

45 

27 

56 

01 

03 

09 

01 

74 

98 

16 

11 

12 

80 

97 

36 


46 

11 

55 

40 

04 

53 

49 

49 

81 

45 

57 

90 

25 

43 

59 

94 

52 

06 

40 

89 

26 

04 

76 

03 

87 

17 

50 

18 

81 

23 


[ भाग II— खण्ड 3 ( ii ) ] 

Jharsuguda 


Lakhanpur 


भारत का राजपत्र : असाधारण 


Parsian 


66 


487 

460 

465/967 

455 

459 

875 

458 

652 

653 

458/766 

673 

674 


675 


394 


677 


678 

679 

679/1371 

682/1370 
681 
681/1372 
680 
680/1381 
686 

686/973 

687/974 

688 

689 

690 

691 

1 

3 


2 

6 

6/518 

49 

45 


46 


34 


35 


36 


37 


137 


141 


140 


139 


134 


133 


112 


111 


114 


115 

117 


00 

00 


888888 


00 


00 


00 


00 


00 


00 


88888888888888 


00 


00 


00 


00 


00 


00 


00 


00 


00 


00 


00 


00 


00 

00 

00 

00 

00 


00 

00 

00 

00 


888888888888888888888888 


00 


00 


00 


00 


00 


00 


00 


00 


00 


00 


00 


00 


00 


00 


00 


00 


00 


00 


00 


00 


00 


00 


00 

00 


03 

02 

00 

02 

09 

00 

19 

02 

04 

00 

01 

09 


08 

01 

11 


00 

02 

06 

00 

01 

00 

00 

03 

13 

00 

02 

00 

12 

08 


02 


03 


00 


08 


15 

13 

01 

07 

02 

09 

16 


19 


01 


01 


01 

12 

10 


10 

05 

01 

04 

15 

00 

00 


37 


77 

20 

01 

59 

08 

35 

99 

25 

14 

18 

69 

04 


18 

54 

28 

16 


15 

08 

48 

29 

94 

72 

20 

16 

57 

05 

06 

55 

82 

85 

54 

84 

71 

35 

77 

54 

67 

25 

57 

78 

24 

45 

85 

02 

45 

10 

83 

86 

40 

66 

06 

01 

40 


38 


Jharsuguda 


Jharsuguda 


Jharsuguda 


THE GAZETTE OF INDIA : EXTRAORDINARY 


Lakhanpur 


Lakhanpur 


Lakhanpur 


Parsian 


Kadamdihi 


Sagarpali 


66 


67 


71 


118/528 

118 

113 

119 

188 

193 

192 

194 

298 

303 

302 

304 


301 

327 

289 

288 

328 

511 

629 

630 

1/1254 

1 

15 

16/1340 

15/1631 

24 

25 

27 

26 


28 


30 


31 


32 

42 

43/1462 


43/1461 

49 

51 


52 


55 


61 


60 


59 

70 

70/1459 
77 

77/1896 
78 

71/1634 
79 

79/1456 


131/1259 


382/1261 


[ PART II - SEC . 3 ( ii ) ] 


00 

00 


00 

00 

00 

00 

00 

00 


88888888 


00 


00 


00 


00 


00 


00 


00 


00 


00 

00 


8888 


00 


00 


00 


00 

00 

00 

00 


00 

00 

00 


8888888888888888888888888 


00 


00 


00 


00 


00 


00 


00 


00 


00 


00 


00 


00 


00 


00 


00 


00 


00 


00 


00 


00 


07 

01 

04 

03 

02 

02 

03 

23 

08 

01 

07 

00 


00 

00 

00 

02 

12 

19 

11 

11 

40 

10 

06 

00 

04 


00 

06 

03 

00 


03 


14 


04 


17 


00 


01 


05 


07 


04 


13 


08 


11 


17 


01 


08 


17 


01 


00 


10 


00 


10 


03 


74 


70 


81 

96 

38 

94 

04 

19 

32 

10 

78 

83 

89 

53 

51 

64 

58 

96 

41 

85 

75 

40 

45 

76 

84 

07 

96 

74 

15 

40 

01 

17 

95 

88 

13 

01 

27 

83 

54 

31 

83 

54 

09 

52 

01 

56 

74 

53 

49 

18 

61 

32 

48 

01 

92 


[ भाग II— खण्ड 3 ( ii ) ] 

Jharsuguda 


Jharsuguda 


Lakhanpur 


Lakhanpur 


भारत का राजपत्र : असाधारण 


Sagarpali 


Thebara 


71 


11 


321 
321/1536 

322 

323 


351 


355 


356 


360 


362 


364 


365 


372 


377 


378 


376 

404 

402/1722 


405 

406 


395 

410 

394 

394/1585 

422 

421 

423 

428 

430 

431 


432 


433 


434 


435 


438 


437 

440 

448/1708 

442 

443 


444 

445 

445/1387 


1/1752 

2 

5 


4 


35 


34 


36 


33 

38 

38/2658 


38/2673 


00 

00 


8888888888888888888 


00 


00 


00 


00 


00 


00 


00 


00 


00 


00 


00 


00 


00 


00 


00 


00 


00 


00 


00 


00 

00 

00 

00 


00 

00 

00 


8888888888888888888888888 


00 


00 


00 


00 


00 


00 


00 


00 


00 


00 


00 


00 


00 


00 


00 


00 


00 


00 


00 


00 


00 


00 


00 


00 


06 

02 

20 

02 


01 


00 

00 

02 

02 

10 

02 

01 


07 

03 

01 


08 

00 

03 

09 

09 

02 

04 

00 

13 

00 

01 

12 

02 

04 


00 


01 


43 


06 


01 

01 

22 


00 

02 

00 

01 

07 

00 


00 

04 

05 


06 


05 

00 

03 

00 

00 

00 

00 


39 


84 

98 

12 


00 

00 

93 

02 

77 

33 

35 

91 

85 


80 

17 

66 

95 

01 

90 

92 

17 

51 

61 

40 

41 

01 

85 

55 

29 

25 

08 

98 

15 

01 


77 

81 

66 

01 

71 

12 

88 

38 

17 

64 

65 

21 

83 

18 

84 

09 

01 

30 

85 

78 


40 


Jharsuguda 


Jharsuguda 


THE GAZETTE OF INDIA : EXTRAORDINARY 


Lakhanpur 


Lakhanpur 


Thebara 


Singharpur 


11 


12 


37 
37/2657 

50 
50/2674 
51 

51/2675 

339 

340 


337 


338 


345 


346 


344 


291 


347 


348 

401 

401/1778 


397/1777 

399 

398 

396/1776 

396 

395 

390 

389 

370 

364 

388 


387 


386 

385 

384/1810 

447 

384 


382 


381 


456 


325 


334 


333 

345 

345/2092 

344 

337 


342 


343 


341 


340 


464 

465 

465/2088 


465/2087 


[ PART II - SEC . 3 ( ii ) ] 


00 

00 


00 


888888888888888888 


00 


00 


00 


00 


00 


00 


00 


00 


00 


00 


00 


00 


00 


00 


00 


00 


00 


00 


00 

00 

00 

00 


00 

00 

00 


8888888888888888888888888 


00 


00 


00 


00 


00 


00 


00 


00 


00 


00 


00 


00 


00 


00 


00 


00 


00 


00 


00 


00 


00 


00 


00 


00 

02 

05 

07 


20 


01 

02 

00 

00 

10 


04 


01 


01 


38 


01 


03 

04 

05 

00 

04 


07 

01 

06 

02 

17 

16 

00 

00 

03 


02 


01 


11 


03 


04 

00 

00 


09 

04 

01 

09 

04 

03 


00 


06 

02 

05 


10 

09 

02 

03 

09 

01 

00 


02 

97 

95 

59 

60 

39 

45 

01 

16 

03 

42 

39 

48 

85 

41 


59 

01 

28 

18 

90 

47 

89 

64 

00 

89 

09 

01 

01 

03 

10 

18 

93 

73 

98 

93 

01 

88 

95 

22 

41 

89 

97 

19 

45 

03 

56 

79 

71 

35 

78 

35 

28 

50 


[ भाग II— खण्ड 3 ( ii ) ] 

Jharsuguda 


Lakhanpur 


भारत का राजपत्र : असाधारण 


Singharpur 


12 


468 

467 

551 

550 


552 


562 


1851 


1850 


1847 


1849 


1848 


1844 


1843 


1814 

1815 

1815/2479 
1812 

1811/1910 


1763/1915 

1782 

1783 

1781 

1776 

1780 

1779 

1777 

1778 

1770 

1770/2151 

1769 

1795 


1768 


1767 


1766 


1754 


1755 


1751 


1752 


1749 


1750 


1726 


1727 


1725 


1664 


1645 


1646 


1647 


1629 


1641 


1640 


1639 


1637 


1632 


00 

00 


00 


8888888888888888888 


00 


00 


00 


00 


00 


00 


00 


00 


00 


00 


00 


00 


00 


00 


00 


00 


00 


00 


00 

00 

00 

00 

00 


8888888888888888888888888888 


00 


00 


00 


00 


00 


00 


00 


00 


00 


00 


00 


00 


00 


00 


00 


00 


00 


00 


00 


00 


00 


00 


00 


00 


00 


00 


00 


00 

05 

01 

06 


16 


07 

31 

09 

05 

02 

10 


01 


11 

04 

00 


00 

03 

28 


17 

02 

00 

00 

09 

00 

00 

02 

01 

01 


03 


09 


00 

03 

03 


02 

07 

00 

03 

02 

03 

02 

06 

06 


00 


01 


01 

01 


07 

00 

00 

00 

00 

07 

02 


41 


91 

52 

75 

65 

51 

16 

40 

05 

33 

05 

52 

89 

57 

97 

25 

17 

32 

48 

82 

20 

59 

74 

54 

43 

76 

85 

63 

51 

83 

15 

02 

35 

54 

48 

65 

41 

75 

02 

04 

62 

17 

52 

01 

74 

65 

37 

97 

43 

34 

79 

01 

09 

99 


42 


Jharsuguda 


Jharsuguda 


Jharsuguda 


THE GAZETTE OF INDIA : EXTRAORDINARY 


Lakhanpur 


Lakhanpur 


Lakhanpur 


Singharpur 


Bagamunda 


Bagamunda 


12 


13 


13 


1631 

1633 

1628 

1622 


1627 


1648 


1649 


1618 

1523 

1525/1984 

1524 

1511/1983 

1511 

1512 

1503 

1495/2144 
1502 

1504/2143 


1505/2142 

1504 

1505 

1507 

1466 

1465 

1464 

259 

260 

257 

257/2453 


262 

256 


255 


263 

264 

264/3463 

269 

268 


267 


244 


242 


241 


273 


271 


272 


274 


276 


278 


277 


275 


299 


302 

305 

305/3404 


[ PART II - SEC . 3 ( ii ) ] 


00 

00 


00 


888888888888888888 


00 


00 


00 


00 


00 


00 


00 


00 


00 


00 


00 


00 


00 


00 


00 


00 


00 


00 


00 

00 

00 

00 

00 

00 

00 


3888888888888888888888888 


00 


00 


00 


00 


00 


00 


00 


00 


00 


00 


00 


00 


00 


00 


00 


00 


00 


00 


00 


00 


00 


00 


00 


00 


00 


02 

01 

06 

01 


04 


02 


01 

00 

06 

17 


08 


04 


20 


10 


05 


00 

00 

01 


01 


01 


05 

00 

04 

02 

04 

01 

03 

02 


00 


05 


15 

01 

06 


01 

02 

02 


05 

00 

03 

01 

00 

08 


00 


07 

02 

02 


00 

02 

00 

14 

02 

00 

01 


03 

59 

30 

54 

15 

99 

17 

91 

53 

54 

91 

58 

24 


51 

60 

15 

01 

78 

20 

02 

03 

03 

00 

02 

02 

84 

51 

00 

33 

00 

52 

06 

83 

94 

55 

42 

22 

01 

81 

45 

46 

17 

01 

62 

71 

99 

01 

03 

58 

24 

46 

56 

03 


[ भाग II— खण्ड 3 ( ii ) ] 

Jharsuguda 


Jharsuguda 


Lakhanpur 


Lakhanpur 


भारत का राजपत्र : असाधारण 


Bagamunda 


Belpahar 


13 


10 


304 

301 

303 

326 


327 


329 


333 


330 


331 


374 


468 


469 


478 


479 

484 

480/2492 

483 

452 

482 

453 

455 

454 

445 

456 

444 

443 

416 

417 

404 


403 


401 


402 


399 

397 

397/2443 

398 

395 


861 

862 

856/2474 

863 

864 


869 


870 


871 


874 


875 


873 


876 


2038 


2039 


2040 


2041 


00 

00 


88888888888888 


00 


00 


00 


00 


00 


00 


00 


00 


00 


00 


00 


00 


00 


00 

00 

00 

00 

00 

00 

00 

00 

00 

00 

00 

00 

00 


8888888888888888888888888 


00 


00 


00 


00 


00 


00 


00 


00 


00 


00 


00 


00 


00 


00 


00 


00 


00 


00 


00 


00 


00 


00 


01 

00 

02 

09 

06 

00 

07 

02 

00 

04 

07 

06 

07 

13 

05 

00 

06 

00 

03 

18 

00 

00 

03 

02 

04 

08 

11 

10 

16 


02 


03 


05 


04 


03 

00 

04 

02 

11 

09 

14 


21 


03 


16 

01 

00 


01 


00 

03 

11 


00 


01 

02 

02 


43 


09 

31 

91 

43 

22 

01 

75 

54 

92 

27 

34 

58 

07 

01 

45 

44 

53 

20 

07 

70 

61 

63 

45 

28 

89 

78 

22 

92 

22 

42 

55 

47 

89 

49 

01 

89 

73 

32 

38 

76 

03 

24 

25 

21 


18 

99 

01 

60 

07 

83 

79 

13 

71 


44 


Jharsuguda 


Jharsuguda 


THE GAZETTE OF INDIA : EXTRAORDINARY 


Lakhanpur 


Lakhanpur 


Belpahar 


Chhualiberna 


10 


7 


2042 

2043 

2044 

2062 

2061 

2060/8503 


2060/8504 

2060 

2063 


2056 


1015 


2131 


215 


199 

200 

192 

191 


[ PART II - SEC . 3 ( ii ) ] 


00 

00 


00 


888888888888 


00 


00 


00 


00 


00 


00 


00 


00 


00 


00 


00 


00 

00 

00 


04 

03 

03 

01 


14 


00 

13 

07 

03 

07 

33 

01 


00 

11 

00 

01 

18 


97 

80 

81 

48 

05 

95 

63 

97 

75 

74 

27 

70 

88 

65 

20 

79 

65 


[ F. No. L - 14014 / 249 / 2021 - GP - II ( E - 41255 ) ] 

RAMJI LAL MEENA , Under Secy . 


Uploaded by Dte . of Printing at Government of India Press , Ring Road , Mayapuri , New Delhi - 110064 
and Published by the Controller of Publications , Delhi - 110054 . SARVESH KUMAR Digitally signed by SARVESH 

KUMAR SRIVASTAVA 

SRIVASTAVA 

Date : 2023.04.25 23 : 16 : 07 + 05 : 30 


