रजिस्ट्री सं . डी . एल.- 33004/99 

- 


भारत 

राजपत्र 

The Gazette of India 


सं . 4551 ] 
No. 4551 ] 


yeyjar 

POP 


- 


सत्यमेव जयते 

का 


सी.जी. डी . एल . -अ . - 08102022-239501 


CG - DL - E - 08102022-239501 


6779 GI / 2022 


असाधारण 

EXTRAORDINARY 


भाग II– खण्ड 3 – उप खण्ड ( ii ) 
PART II — Section 3 – Sub - section ( ii ) 


प्राधिकार से प्रकाशित 

PUBLISHED BY AUTHORITY 


REGD . No. D. L. - 33004 / 99 


नई दिल्ली , शुक्रवार , अक्तूबर 7 , 2022 / आश्विन 15 , 1944 

NEW DELHI , FRIDAY , OCTOBER 7 , 2022 / ASVINA 15 , 1944 


पेट्रोलियम और प्राकृतिक गैस मंत्रालय 
अधिसूचना 


नई दिल्ली , 3 अक्तूबर , 2022 

का.आ. 4761 ( अ ) . –भारत सरकार ने पेट्रोलियम और खनिज पाइपलाइन ( भूमि में उपयोग के अधिकार का 
अर्जन ) अधिनियम , 1962 ( 1962 का 50 ) ( जिसे इसमें इसके पश्चात उक्त अधिनियम कहा गया है ) की धारा 3 की उपधारा 
( 1 ) के अधीन जारी भारत सरकार के पेट्रोलियम और प्राकृतिक गैस मंत्रालय की अधिसूचना संख्या का.आ. 1001 ( अ ) 
तारीख 02.03.2022 और 3518 ( अ ) तारीख 26.07.2022 द्वारा उस अधिसूचना से संलग्न अनुसूची में विनिर्दिष्ट भूमि 
में गेल ( इण्डिया ) लिमिटेड द्वारा ओडिसा राज्य में श्रीकाकुलम - अनूगुल पाइपलाइन ( एस ए पी एल ) और स्पर पाइपलाइन 
के माध्यम से प्राकृतिक गैस के परिवहन के लिए पाइपलाइन बिछाने के प्रयोजन के लिए उपयोग के अधिकार का अर्जन 
करने के अपने आशय की घोषणा की थी , 


और उक्त राजपत्रित अधिसूचना की प्रतियां जनता को उपलब्ध करा दी गई थी  ं ; 

और , सक्षम प्राधिकारी ने , उक्त अधिनियम की धारा 6 की उप - धारा ( 1 ) के अधीन भारत सरकार को अपनी 
रिपोर्ट दे दी है ; 


और भारत सरकार ने , उक्त रिपोर्ट पर विचार करने के पश्चात और यह संतुष्ट हो जाने पर कि उक्त भूमि 
पाइपलाइनें बिछाने के लिए अपेक्षित है , उसमें उपयोग के अधिकार का अर्जन करने का विनिश्चय किया है ; 


अतः अब , भारत सरकार , उक्त अधिनियम की धारा 6 की उप - धारा ( 1 ) द्वारा प्रदत्त शक्तियों का प्रयोग करते हुए 
ये , यह घोषणा करती है कि इस अधिसूचना से संलग्न अनुसूची में विनिर्दिष्ट भूमि में पाइपलाइनें बिछाने के लिए उपयोग के 
अधिकार का अर्जन किया जाता है ; 


और भारत सरकार , उक्त अधिनियम की धारा 6 की उप - धारा ( 4 ) द्वारा प्रदत्त शक्तियों का प्रयोग करते हुए , 
निर्देश देती है कि पाइपलाइनें बिछाने के लिए भूमि में उपयोग का अधिकार , इस घोषणा के प्रकाशन की तारीख को , 


( 1 ) 


2 


[ PART II— SEC . 3 ( ii ) ] 

भारत सरकार में निहित होने के बजाए , पाइपलाइनें बिछाने का प्रस्ताव करने वाली गेल ( इण्डिया ) लिमिटेड में निहित 
होगा और तदुपरि , भूमि में ऐसे उपयोग का अधिकार , इस प्रकार अधिरोपित निबंधनों और शर्तों के अधीन रहते हुए , सभी 
विल्लंगमों से मुक्त , गेल ( इण्डिया ) लिमिटेड में निहित होगा । 


तहसील का नाम 

1 
काशीनगर 


काशीनगर 


THE GAZETTE OF INDIA : EXTRAORDINARY 


श्रिकाकुलम - अनगुल पाईपलाइन ( स्पर गैस पाइपलाइन ) 

भूमि अनुसूची 


जिला- गजपति 


गाँव का नाम -थाना नं . 


2 

गुनाभद्रा - 114 


चित्रकारालक्ष्मीपुर -110 


सर्वे नं . 


3 

48 

47 

45 

41 

39 

38 

37 

23 

22 

20 

19 

260 

248 

247 

249 

253 

252 

255 

257 

256 

241 

242 

227 

232/1 

231 

228 

230 

229 

220 

221/1 

221/2 


राज्य : ओडिशा 


हेक्टेअर 

4 

00 

00 

00 

00 

00 

00 

00 

00 

00 

00 

00 

00 

00 

00 

00 

00 

00 

00 

00 

00 

00 

00 

00 

00 

00 

00 

00 

00 

00 

00 

00 


क्षेत्रफल 


आरे . 

5 

12 

01 

11 

00 

19 

03 

33 

00 

01 

11 

10 

00 

03 

01 

01 

02 

02 

02 

03 

02 

00 

20 

01 

00 

03 

00 

02 

03 

04 

02 

02 


वर्गमीटर 

6 

83 

84 

04 

08 

70 

58 

73 

81 

81 

46 

74 

42 

24 

54 

27 

35 

77 

67 

55 

29 

01 

08 

08 

64 

75 

35 

12 

58 

44 

87 

81 


[ भाग II— खण्ड 3 ( ii ) ] 

1 

काशीनगर 


भारत का राजपत्र : असाधारण 


2 

पोलुरु- 111 


3 

590 


579 

578 

567/738 

567 

581 

567/737 

565 

563 

566 

562 

561 

530 

560 

560/703 

531 

532 

285 

286 

287 

290 

291 

294 

293 

295 

309 

308 

307 

306 

312 

314 

318 

318/716 

321 
321/649 

317 

325 

328 


4 

00 

00 

00 

00 

00 

00 

00 

00 

00 

00 

00 

00 

00 

00 

00 

00 

00 

00 

00 

00 

00 

00 

00 

00 

00 

00 

00 

00 

00 

00 

00 

00 

00 

00 

00 

00 

00 

00 


5 

03 

16 

04 

05 

02 

00 

00 

09 

12 

00 

06 

01 

00 

07 

00 

13 

05 

03 

12 

06 


ठेठ ४ : 8888888888888 ठ 


04 


04 


05 


06 


06 


05 


07 


00 


02 


00 


02 


03 


02 


00 


02 


00 


03 


04 


6 

34 

39 

68 

72 

31 

53 

12 

89 

51 

19 

76 

36 

25 

89 

16 

67 

77 

27 

77 

56 

36 

46 

17 

75 

65 

42 

14 

99 

08 

68 

05 

26 

32 

61 

16 

34 

15 

75 


3 


4 


1 


काशीनगर 


काशीनगर 


THE GAZETTE OF INDIA : EXTRAORDINARY 


2 


सिंगपुर -112 


मेतुकातुरू -95 


3 

331 

331/650 

332/651 

332 

335 


334 


131 

130 

132 

134 

133 

123 

124 

119 

118 

115 

116 

112 

111 

109 

70 

29 

30 

28 

25/1129 

25 

236 

237 

235 

211/259 

211 

211/260 

234 

233 


226 

213 

214 

66 


4 

00 

00 

00 

00 

00 


00 


00 

00 

00 

00 

00 

00 

00 

00 

00 

00 

00 

00 

00 

00 

00 

00 

00 

00 

00 

00 

00 

00 

00 

00 

00 

00 

00 

00 


00 

00 

00 

00 


[ PART II— SEC . 3 ( ii ) ] 

6 

36 

31 

79 

77 

07 


5 

10 

00 

03 

03 

13 


19 


02 

06 


01 


01 

02 

05 

01 

04 

03 

02 

01 

01 

01 

02 

11 

07 

00 

02 

12 

00 

08 

00 

00 

02 

16 

03 

00 

05 

08 

07 

06 

02 


65 


22 

40 

41 

34 

96 

29 

70 

16 

20 

13 

88 

20 

19 

81 

98 

44 

10 


51 

28 

19 

13 

02 

03 


34 

89 

37 

44 

44 

72 

47 

55 

99 


[ भाग II— खण्ड 3 ( ii ) ] 

1 


काशीनगर 


2 


भारत का राजपत्र : असाधारण 


श्रीबिष्णुपुर - 96 


3 

65 

63 

64 

251 

250 

62/272 

62 

62/271 

686 

687 

685 

680 

679 

678 

677 

676 

92 

93/695 

93 

104 

111 

112 

110 

105 

113 

109 

114 

121 

115 

116 

117 

198 

191 

192 

193 

194 

190 

195 


4 

00 

00 

00 

00 

00 

00 

00 

00 

00 

00 

00 

00 

00 

00 

00 

00 

00 

00 

00 


00 


00 


00 


00 


00 


00 


00 


00 


00 


00 


00 


00 


00 


00 


00 


00 


00 


00 

00 


5 

05 

24 

00 

00 

04 

13 

10 

03 


8888888 


08 


00 


22 


00 


06 


04 


00 


07 


00 

13 

07 


84 
85 
85 
86 
88 
d 
88 
8 
gg 
g 


00 


02 


00 


01 


00 


01 


00 


01 


00 


00 


02 


00 


00 


00 


02 


02 


02 


01 

00 


6 

12 

33 

24 

29 

12 

17 

51 

09 

80 

13 

43 

88 

06 

20 

21 

28 

15 

47 

13 

60 

76 

01 

24 

14 


91 

04 

91 


49 


89 

39 

02 

15 

01 


66 


99 

29 

27 

55 


5 


6 


1 


काशीनगर 


THE GAZETTE OF INDIA : EXTRAORDINARY 


2 


हुन्नाली जगन्नाथपुर - 92 


3 

189 

318 

258 

316 

317 

259 

304 

305 

306 

309 

307 

300 

308 

310 

311 

339 

368 

367 

366 

36/3 

39/5 

39/6 

39/7 

39/8 

40/8 

40/7 

54 

56/1 

56/4 

56/3 

56/2 

58/1 

57/4 

57/5 

57/7 


58/4 

60/10 

60/5 

59/2 


4 

00 

00 

00 

00 

00 

00 

00 

00 

00 

00 

00 

00 

00 

00 

00 

00 

00 

00 

00 

00 

00 

00 

00 

00 

00 

00 

00 

00 

00 

00 

00 

00 

00 

00 

00 

00 

00 

00 

00 


04 

02 


00 


888888888 


06 


03 


00 


02 


02 


04 


02 


[ PART II— SEC . 3 ( ii ) ] 

6 

26 

31 

42 

55 

05 

51 

96 

33 

97 

06 

05 

01 

94 

01 

05 

38 

28 

24 

32 

03 

95 

10 

96 

52 

30 

44 

82 

33 

27 

01 

29 

51 

48 

94 

69 


00 


00 


00 


01 

00 

07 

08 

10 

25 

46 

02 

03 

03 

09 

04 

01 

01 

14 

00 

00 

01 


8888882 


00 


03 


00 


04 


00 


03 


22 


01 


20 

54 

46 

28 


[ भाग II— खण्ड 3 ( ii ) ] 

1 


काशीनगर 


2 


भारत का राजपत्र : असाधारण 


देबादला -69 


3 

60/8 


60/9 

517 

515 

512/1091 

513 

514 

511 

492 

493/1159 

489 

488 

487 

486 

484 

483 

482 

481 

473 

480 

475 

474 

414 

476 

413 

411 


410 

374 

375 


376 

378 

377 

314 

315 

315/1179 

317 

319 

316 


4 

00 


00 

00 

00 

00 

00 

00 

00 

00 

00 

00 

00 

00 

00 

00 

00 

00 

00 

00 

00 

00 

00 

00 

00 

00 

00 

00 

00 

00 


00 

00 

00 

00 

00 

00 

00 

00 

00 


5 

01 


02 

06 

05 

01 


88888888888 


04 


00 


07 


06 


00 


08 


00 


09 


00 


06 


02 


00 


07 

02 

00 

06 

00 

01 

01 


00 


886 8 6 g : g g 8 8 8 b ठ 


00 


07 


03 


07 


02 


00 


02 


02 


02 


00 


03 


07 


04 


6 

37 


65 

31 

87 

49 

70 

01 

50 

82 

06 

84 

83 

41 

26 

04 

64 

47 

11 

17 

35 

78 

01 

09 

57 

96 

84 

06 

71 

07 


57 

72 

87 

28 

20 

46 

57 

88 

38 


7 


8 


1 


काशीनगर 


THE GAZETTE OF INDIA : EXTRAORDINARY 


2 


बीसीरिंगी -67 


3 

279 

277/1150 

277 

275 

276 

240 

239 

212 

213 

214 

211 

210 

174/1209 

173 

172 

176 

171 

177 

166 

915 

916 

936 

935 

932 

937 

930 

931 

929 

940 

946 

947 

949/1183 


949 

619 

628 

633 


4 

00 

00 

00 

00 

00 

00 

00 

00 

00 

00 

00 

00 

00 

00 

00 

00 

00 

00 

00 

00 

00 

00 

00 

00 

00 

00 

00 

00 

00 

00 

00 

00 

00 

00 

00 

00 


8888888 


00 


00 


08 


00 


[ PART II— SEC . 3 ( ii ) ] 

6 

34 

02 

21 

97 

07 

25 

36 

41 

03 

85 

08 

04 

28 

24 

53 

05 

03 

70 

23 

83 

96 

09 

32 

40 

19 

39 

35 

46 

13 

97 

77 

96 

44 

69 

86 

18 


02 


04 


00 

10 

00 

04 

01 


01 


ठं ठ ४ 8 ठ ठ ठ तू तू 


04 


05 


00 


04 


02 


04 


22 


02 

15 

05 

02 

03 

01 

01 

01 

02 

13 

17 

00 

00 

18 

06 

25 

00 


[ भाग II— खण्ड 3 ( ii ) ] 

1 


काशीनगर 


2 


भारत का राजपत्र : असाधारण 


नभाड़ा -64 


3 

632 

629 

626 

625 

623 

624/669 

624/667 

506 

507/679 

510 

481/671 

481 

484 

472 

474 

457 

456 

451 

459 

455 

454 

400 

453 

444 


443 

416 

417 

419 

420 

421 

422 

430 

429 

322 

659 

643 

644/741 

656 


4 

00 

00 

00 

00 

00 

00 

00 

00 

00 

00 

00 

00 

00 

00 

00 

00 

00 

00 

00 

00 

00 

00 

00 

00 


00 

00 

00 

00 

00 

00 

00 

00 

00 

00 

00 

00 

00 

00 


5 

02 

06 

02 

04 

01 

03 

06 

16 

09 

00 

01 

16 

12 

08 

01 


17 

00 

10 

04 

00 

04 

01 

03 

07 


00 

03 

01 

00 

03 

05 

11 

00 

03 

07 

08 

00 

00 

09 


6 

93 

54 

37 

77 

52 

28 

36 

67 

34 

67 

55 

39 

48 

28 

67 

31 

08 

40 

52 

33 

42 

90 

15 

33 


65 

97 

93 

20 

77 

05 

44 

34 

22 

38 

96 

14 

08 

69 


9 


10 


1 


काशीनगर 


THE GAZETTE OF INDIA : EXTRAORDINARY 


2 


धन सारा -63 


3 

644 

647 

648 

650 

651 

401 

450 

402 

403 

406 

407 

340/973 

340 

338 

334 

337 

336/1096 

313 

312 

311 

304 

305 

278 

265 

254 

259 

260 

261 

262 

272 

97 

99 

101 

60 

102 

59 

52 

58 


4 

00 

00 

00 

00 

00 

00 

00 

00 

00 

00 

00 

00 

00 

00 

00 

00 

00 

00 

00 

00 

00 

00 

00 

00 

00 

00 

00 

00 


00 


00 


00 


00 


00 


00 

00 

00 

00 

00 


5 

00 

01 

01 

12 

03 

35 

03 

03 

09 

02 

00 

01 

01 

00 

00 

01 

17 


[ PART II— SEC . 3 ( ii ) ] 


02 

08 

05 

17 

03 

02 

04 

09 

02 

02 

02 


a 
888 
= 
6 
ठ 


00 


06 


00 


11 


07 


04 

03 

08 

16 

00 


6 

63 

42 

35 

87 

38 

08 

67 

68 

03 


70 

46 

28 

50 

23 

02 

93 

51 

00 

79 

70 

61 

56 

23 

44 

73 

43 

50 

70 

19 

50 

31 


44 


51 

16 

06 

68 

28 

10 


[ भाग II— खण्ड 3 ( ii ) ] 

1 


काशीनगर 


काशीनगर 


2 


भारत का राजपत्र : असाधारण 


कातुरु -58 


चादंगीपूरा -59 


3 

57 

54 

53 

2 

51 

9 

10 

11 


115 

116 

117 

120 

118 

119 

124/282 

124 

140 

139 

142 

144 

143 

145 

145/284 

157 

162 

163 

161/301 

192 

161/302 

191 

189 

187 

220/669 

219 

218 

216 

216/459 


4 

00 

00 

00 

00 

00 

00 

00 

00 


00 

00 

00 

00 

00 

00 

00 

00 

00 

00 

00 

00 

00 

00 

00 

00 

00 

00 

00 

00 

00 

00 

00 

00 

00 

00 

00 

00 

00 


5 

01 

01 

01 

14 

06 

04 

12 

00 


05 

00 

04 

00 

00 

18 

00 

17 

07 

00 

03 

07 

01 

06 

05 

21 

05 

00 

11 

05 

04 

04 

01 

03 

03 

07 

00 

01 

03 


6 

12 

58 

77 

07 

14 

07 

81 

56 


97 

07 

63 

48 

93 

17 

64 

99 

09 

07 

58 

61 

00 

04 


67 

98 

63 

95 

63 

38 

06 

26 

55 

38 

43 

35 

17 

50 

93 


11 


12 


1 


काशीनगर 


काशीनगर 


THE GAZETTE OF INDIA : EXTRAORDINARY 


2 


जयापूरा -57 


हन्दुभांगी - 60 


3 

69/670 

69 

50 

7/663 

7 

6 

5 

1/449 

1 

3 

2 


25 

26 

29 

771 

770 

769 

768 

766 

764 

594 

591 

590 

544 

545 

588 

587 

586 

8 

9 

15 

16 

17 

18 

22 

23 

23/719 

1 


4 

00 

00 

00 

00 

00 

00 

00 

00 

00 

00 

00 

00 

00 

00 

00 

00 

00 

00 

00 

00 

00 

00 

00 

00 

00 


888 


00 


00 

00 

00 

00 

00 

00 

00 

00 

00 

00 


5 

01 

01 

00 

00 

09 

15 

07 

05 

05 

05 

05 

10 

00 

00 

03 

12 

07 

21 

11 

15 


888888888 


00 


07 


05 


00 


[ PART II— SEC . 3 ( ii ) ] 

6 

81 

81 

84 

47 

83 

35 

14 

22 

84 

66 

56 

45 

35 

64 

55 

00 

72 

60 

18 

69 

01 

09 

11 

92 

83 

66 

03 

11 

13 

25 

42 

22 

89 

86 

16 

60 

00 

79 


00 


00 


04 


00 


05 


00 


08 

10 

12 

17 

01 

04 

05 

02 


[ भाग II 


-खण्ड 3 ( ii ) ] 


1 

काशीनगर 


भारत का राजपत्र : असाधारण 


2 

खानदुरु -56 


3 

720 


719 

721 

718 

725 

717 

726 

737 

736 

727 

735 

747 

748/1308 

748 

744 

749 

893 

871 


895 

894 

435 

436 

388/1361 

378 

379 


387 

386 

385 

384 

391 

392 

393 

394 

412 

400 

399 

401 


4 

00 

00 

00 

00 

00 

00 

00 

00 

00 

00 

00 

00 

00 

00 

00 

00 

00 

00 


00 

00 

00 

00 

00 

00 

00 


00 

00 

00 

00 

00 

00 

00 

00 

00 

00 

00 

00 


5 

04 

02 

00 

10 

07 

00 

06 

00 

02 

00 

09 

13 

03 

02 

03 

00 

01 

00 


08 

05 

03 

00 

00 

02 

12 


00 

04 

05 

01 

01 

05 


888888 


08 


00 


00 


06 


02 


00 


6 

45 

36 

05 

13 

98 

01 

51 

04 

59 

25 

54 

30 

51 

93 

90 

11 

32 

23 


38 

81 

05 

51 

71 

05 

38 


09 

54 

98 

96 

11 

14 

26 

58 

18 

14 

36 

46 


13 


14 


1 


THE GAZETTE OF INDIA : EXTRAORDINARY 


2 


3 

402 

345 

403 

226 

229 

227 

228 

231 

224 

232 

234 

233 

222 

220 

213 

215 

216 


217 

195 

133 

132 

131 

130 

129 

128 

124 

126 

125 

114 

109 

111 

112 

81 

55 

80 

56 

57 

65 


4 

00 

00 

00 


00 


00 


00 


00 


00 


00 


00 


00 


00 


00 


00 


00 


00 


888 


00 


00 


00 


00 

00 

00 

00 

00 

00 

00 

00 

00 

00 

00 

00 

00 

00 

00 

00 

00 

00 

00 


5 

08 

00 


88888888888888888 


08 


07 


00 


00 


05 


04 


00 


00 


00 


02 


04 


00 


04 


04 


[ PART II - SEC . 3 ( ii ) ] 


00 


03 


00 


03 

01 

01 

00 

02 

01 

02 

03 

01 

03 

00 

10 

07 

03 

01 

00 

02 

01 

00 


6 

31 

93 

20 

20 

61 

85 

23 

58 

28 

59 

69 

87 

86 

15 

41 

26 

24 

57 

01 

59 

49 

22 

39 

53 

65 

67 

21 

35 

71 

01 

02 

03 

94 

39 

09 

65 

59 

10 


[ भाग II— खण्ड 3 ( ii ) ] 

1 


काशीनगर 


2 


भारत का राजपत्र : असाधारण 


गोकुला -54 


3 

64 

67 

63 

62 

68 

61 

69 

70 

72 

71 


36 

24 

25/1370 

25 

26 

29 

27 

28 

798 

776 

775 

774 

770 

769 

757 

758 

756 

755 

759 

761 

762 

630 

629 

584 

585 

505 

502 

501 


4 

00 

00 

00 

00 

00 

00 

00 

00 

00 

00 


00 

00 

00 

00 

00 

00 

00 

00 

00 

00 

00 

00 

00 


888 


00 


00 


00 


00 

00 

00 

00 

00 

00 

00 

00 

00 

00 

00 

00 


5 

00 

00 

01 

02 

00 

00 

03 

00 

01 


ठ ठ ठ 8 8 8 8 88 85 8 88 8 68 d8b 


02 


04 


00 


04 


03 


00 


00 


04 


00 


01 


02 


00 


06 


00 


01 


00 


02 


00 


05 

01 

00 

01 

04 

06 

01 


888 


00 


06 


00 


6 

90 

01 

37 

20 

95 

17 

11 

40 

17 

09 


59 

62 

93 

60 

63 

29 

14 

43 

07 

08 

55 

15 

29 

12 


68 


23 

17 

27 

82 

68 

50 

30 

75 

55 

87 

23 

24 

77 


15 


16 


1 


काशीनगर 


THE GAZETTE OF INDIA : EXTRAORDINARY 


2 


अपालानायडूपेटा -53 


3 

503 


500 

499 

495 

496 

497 

490 

187 

186 

188 

180 

184 

120 

120/245 

115 

116 

119 

117 

113 

125 

69 

70 

71 

72 


59 

57 

58 

56 

49 

50 

46 

43 

42 

41 

18 

25 

26 

27 


4 

00 

00 

00 

00 

00 

00 

00 

00 

00 

00 

00 

00 

00 

00 

00 

00 

00 

00 

00 

00 

00 

00 

00 

00 

00 

00 

00 

00 

00 

00 

00 

00 

00 

00 

00 

00 

00 

00 


5 

00 

00 


888888 


04 


00 


03 


00 


03 


00 


01 

04 

00 

04 


04 

03 

01 

02 

01 


888888 


[ PART II— SEC . 3 ( ii ) ] 

6 

02 

77 

42 

06 

27 

58 

49 

95 

52 

72 

88 

90 

78 

26 

58 

31 

84 

23 

22 

36 

55 

07 

91 

73 


08 


00 


03 


26 


01 


00 


21 

00 

02 

03 

13 

01 

05 

06 

00 

09 

17 

00 

06 

10 

09 


54 

81 

50 

19 

04 

18 

16 

56 

12 

99 

66 

68 

77 

43 


[ भाग II— खण्ड 3 ( ii ) ] 

1 


काशीनगर 


काशीनगर 


काशीनगर 


2 


भारत का राजपत्र : असाधारण 


भेंकाटापुर -52 


करातम - 46 


कैथभद्रा -44 


3 

29 

28 


290 


422 

421 

420 

417 

416 

415 

414 
411 

413 

412 

375 

373 

374 

370 

363 

362 

356 

357 

349 

313 

313/490 

321 

292 

302 

301 

293 

300 

295 

297 

296 

137/370 

287 

160/494 


4 

00 

00 


00 


00 

00 

00 

00 


88888 


00 


00 


00 


00 


00 


00 

00 

00 

00 

00 

00 

00 

00 

00 

00 

00 

00 

00 

00 

00 

00 

00 

00 

00 

00 

00 

00 

00 

00 


5 

00 

00 


00 


02 

09 

06 

02 

00 

01 

01 

01 

03 

11 

14 

08 

04 

00 

01 

13 

00 

02 

00 

06 

01 

01 

03 

00 


8888888888 


00 


03 


05 


00 


02 


00 


04 


03 


01 


6 

28 

17 


14 


41 

79 

58 

67 

30 

98 

19 

98 

17 

55 

97 

74 

65 

05 

53 

58 

56 

71 

11 

62 

18 

21 

22 

01 

01 

52 

14 

38 

03 

76 

14 

87 

65 


17 


18 


1 


काशीनगर 


काशीनगर 


THE GAZETTE OF INDIA : EXTRAORDINARY 


2 


रामेयापेटा -45 


पापेयापेटा -43 


3 

160 

159 

161/390 

161 

162 

155 

154 

152 


57 

52 

51 

50 

49 

48 

2/83 

5 

2 

4 


1 

7 


343 

388 

387 

386 

383 

382 

381 

380 

379 

368 

367 

366 

365 

325 

220 

221 


4 

00 

00 

00 

00 

00 

00 

00 

00 


00 

00 

00 

00 

00 

00 

00 

00 

00 

00 


00 

00 


00 

00 

00 

00 

00 

00 

00 

00 

00 

00 

00 

00 

00 

00 

00 

00 


[ PART II— SEC . 3 ( ii ) ] 

6 

04 

31 

01 

49 

59 

65 

36 

01 


5 

01 

00 

01 

04 

01 

07 

06 

07 


01 

15 

06 


03 

00 

07 

00 

01 

01 

01 


12 

01 


05 

03 

00 

08 

03 

03 

00 

04 

01 

01 

03 

05 

12 

00 

03 

09 


44 

19 

24 

02 

90 

55 

02 

41 

78 

77 


23 

69 


44 

34 

70 

59 

71 

90 

25 

25 

00 

19 

83 

84 

84 

66 

07 

99 


[ भाग II— खण्ड 3 ( ii ) ] 

1 


काशीनगर 


2 


भारत का राजपत्र : असाधारण 


राजपुर 42 


3 

219 

233 

235 

236 

237 


510 

511 

509/666 

509 

513 

512 

547 

548 

543 

544 

542 

724 

518 

535 

534/707 

536/708 

536 
534/705 

436/834 

436 

437 


438 

187 

186/859 

186 

185 

126 

127 

183 

127/609 

182/602 

182 


4 

00 

00 

00 

00 

00 


00 

00 

00 

00 

00 

00 

00 

00 

00 

00 

00 

00 


00 


00 


00 


00 


00 


00 


00 

00 

00 

00 

00 

00 

00 

00 

00 

00 

00 

00 

00 

00 


5 

10 

06 

01 

05 

04 


06 

03 

00 

06 

04 


888888 


09 


08 


02 


04 


00 


05 

00 


| 
5 
86 
888 


01 


02 


01 


00 


03 


04 


00 

10 

01 

04 

05 

02 

03 

03 

04 

02 

06 

02 

02 

03 


6 

58 

39 

98 

69 

76 


83 

25 

34 

74 

41 

12 

89 

26 

59 

01 

70 

78 

06 

57 

14 

79 

87 

12 

61 

27 

21 

78 

82 

58 

21 

32 

36 

43 

70 

44 

75 

53 


19 


20 


1 


काशीनगर 


THE GAZETTE OF INDIA : EXTRAORDINARY 


2 


मधुसूदनपुर -34 


3 

134 

181 

135 

137 

139 

140 

138 

141 

136 

141/592 

118 

8 

6 

5 


694 

693 


690 

691 

673 

360 

359 

353 

350 

352 

350/954 

349 

344 

342 

341 

340 

332 

331 

323 

315 

316 

317 

319 


4 

00 

00 

00 

00 

00 

00 

00 

00 

00 

00 

00 

00 

00 

00 


00 

00 

00 

00 

00 

00 

00 

00 

00 

00 

00 

00 

00 

00 

00 

00 

00 

00 

00 

00 

00 

00 

00 


05 


5 फु ठ ठ ठ 


02 


01 


04 


01 

00 

03 

06 

01 

00 

00 

10 

10 

01 


02 

12 

01 

10 


888888 


05 


[ PART II— SEC . 3 ( ii ) ] 


00 


00 


09 


00 


03 


00 

11 

04 

00 

17 

00 


: g g ठ 8888 


02 


02 


04 


06 


03 


07 


06 


6 

59 

55 

65 

96 

81 

01 

22 

29 

17 

48 

87 

77 

32 

42 


19 

26 


01 

89 

27 

05 

27 

34 

75 

74 

47 

63 

65 

35 

57 

46 

86 

59 

21 

23 

33 

97 

28 


[ भाग II— खण्ड 3 ( ii ) ] 

1 


2 


भारत का राजपत्र : असाधारण 


3 

322 


219 

197 

197/902 

197/901 

197/900 

191 

168/961 

182 

170 

171 

175 

174 

172 

173 

136 

135 

129 

128 

113 

112 

111 

115 

116 

117 

118 

119 

100 

99 

120 

86 

88 

89 

90 

51 

52 

50 

49 


4 

00 

00 

00 

00 

00 

00 

00 

00 

00 

00 

00 

00 

00 

00 


8888 


00 


00 


00 


00 


00 

00 

00 

00 

00 

00 

00 

00 

00 

00 

00 

00 

00 

00 

00 

00 

00 

00 

00 

00 


5 

04 

09 

07 

00 

10 

03 

06 

00 

01 

10 

03 

01 


02 


g : b : g go 3 g : g g g ठाव 


00 


05 


00 


03 


05 


05 


03 


02 


00 


03 


02 


02 


02 


02 


04 

00 

01 

00 

05 

04 

00 

02 

00 

05 

03 


6 

33 

52 

31 

01 

34 

33 

04 

77 

05 

89 

13 

70 

76 

01 

43 

60 

96 

22 

59 

65 

65 

09 

31 

40 

98 

81 

95 

11 

52 

43 

10 

48 

19 

01 

07 

45 

14 

34 


21 


22 


1 


काशीनगर 


काशीनगर 


THE GAZETTE OF INDIA : EXTRAORDINARY 


2 


हरीपुर - 41 


खुरीगन - 40 


3 

49/956 

48 

47 

46 

45 

44 

43 

34 

36 

37 


388 

383/871 

383/738 

382 

390 

406/899 


407 

380 

408 

409 

425 

363 

359 

360 

356 

355 

360/854 

354 

429 

350/853 

350 

348 

347 

346 

345 


654 


4 

00 

00 

00 

00 

00 

00 

00 

00 

00 

00 


00 

00 

00 

00 

00 

00 


00 

00 

00 

00 

00 

00 

00 

00 

00 

00 

00 

00 

00 

00 

00 

00 

00 

00 

00 


00 


5 

00 

06 


00 


: g gg gg g 


02 


02 


02 


03 


02 


05 


02 


02 

08 

00 

10 

06 

04 


15 


888888 88 d : 


[ PART II— SEC . 3 ( ii ) ] 

6 

98 

78 

03 

47 

33 

23 

07 

90 

35 

71 


00 


05 


04 


00 


00 


03 


02 


00 


02 


00 


01 


8888888 


00 


00 


05 


03 


06 


03 


00 


00 


48 

29 

14 

47 

28 

50 


52 

09 

58 

16 

49 

92 

46 

34 

56 

62 


29 

80 

01 

01 

33 

00 

76 

03 

30 


43 


[ भाग II— खण्ड 3 ( ii ) ] 

1 


काशीनगर 


2 


भारत का राजपत्र : असाधारण 


भूपतीलक्ष्मीपुर - 35 


3 

653 

617/715 

618/745 

618 

619 


620 

622 

631 

633 

630 

628 

627/833 

627 

399 

394 

391/698 

391 

390 

389 

388/759 

388 


856 

857/1818 

853/1964 

857/1975 

857/1974 

857 

857/1305 

857/1526 

851 

850/1527 

858 

859 

862 

860 

850/1529 


4 

00 

00 

00 

00 

00 


00 

00 

00 

00 

00 

00 

00 

00 

00 

00 

00 

00 

00 

00 

00 

00 


00 

00 

00 

00 

00 

00 

00 

00 

00 

00 

00 

00 

00 

00 

00 


8888888888 


05 


05 


04 


04 


06 


05 


07 


05 


06 


00 


08 

02 

01 

11 

04 

00 


888658 


09 


02 


01 


01 


09 


23 

01 


03 

05 

01 

40 

09 


88 


01 

09 

06 

06 

07 

09 


6 

64 

92 

10 

94 

50 


47 

35 

61 

83 

31 

24 

79 

46 

32 

63 

71 

54 

89 

03 

09 

87 


52 

72 


05 

06 

31 

70 

06 

39 

07 

67 

83 

18 

50 

19 

47 


23 


24 


1 


काशीनगर 


काशीनगर 


काशीनगर 


THE GAZETTE OF INDIA : EXTRAORDINARY 


2 


कुप्पिलीगोपीनाथपेटा- 19 


रामचंद्रापुर - 18 


करनीभद्रा - 26 


3 

850/1236 


251 

253 

254/347 

254 

255 


241/297 

241/320 

240 

207/381 

207 

206 

54 

55 

53 

52 

50 

51 

46 

8 

7 

9 

5 

6 

4 


253 

252 

251 

256 

257 

250 

249 

240 

236 

235 

233 


4 

00 


00 

00 

00 

00 

00 


00 

00 

00 

00 

00 

00 

00 

00 

00 

00 

00 

00 

00 

00 

00 

00 

00 

00 

00 


00 

00 

00 

00 

00 

00 

00 

00 

00 

00 

00 


[ PART II— SEC . 3 ( ii ) ] 

6 

92 


5 

19 


00 

02 

00 

15 

02 


00 

00 

11 

03 

06 

06 

04 

00 

11 

05 

03 

07 

01 

01 

02 

00 

05 

01 

04 


04 

12 

02 

02 

00 

11 

04 

14 

04 

05 

05 


92 

25 

51 

22 

44 


11 

01 

73 

84 

16 

00 

85 

68 

34 

96 

08 

69 

28 

17 

88 

87 

25 

49 

83 


15 

13 

96 

55 

22 

32 

08 

41 

61 

34 

11 


[ भाग II— खण्ड 3 ( ii ) ] 

1 


2 


भारत का राजपत्र : असाधारण 


3 

234 


232 

227 

230 

229 

214 

212 

213 

211 

209 

208 

207 

205 

204 

202 

199 

198 

197 

188 

187 

182 

181 

180 

179 

100 

178 

99 

97 

96 

84 

85 

86 

81 


80 

66 

62 

49 

50 


4 

00 


00 

00 

00 

00 

00 

00 

00 

00 

00 

00 

00 

00 

00 

00 

00 

00 

00 

00 

00 

00 

00 

00 

00 

00 

00 

00 

00 

00 

00 

00 

00 

00 


00 

00 

00 

00 

00 


5 

01 


8888 


00 


08 


08 


06 


14 

02 

00 

01 

10 

00 

16 

00 

01 

01 

01 

02 

11 

06 

01 

07 

11 

01 

01 

00 

00 

10 

05 

10 

00 

06 

07 

09 


00 

07 

25 

08 

01 


6 

14 


62 

94 

90 

29 

42 

99 

43 

09 

92 

37 

31 

13 

10 

03 

72 

02 

37 

53 

04 

10 

39 

97 

19 

67 

53 

71 

06 

86 

41 

37 

13 

44 


72 

77 

21 

76 

69 


25 


26 


1 


काशीनगर 


काशीनगर 


काशीनगर 


THE GAZETTE OF INDIA : EXTRAORDINARY 


2 


चंद्रेयापेटा- 25 


सियाली -20 


गरियागुड़ा- 22 


3 

35/431 

34 

33 

32 

26 

31 

27 

25 

24 

22 


21 

437 

436 

134 

135 

136 

137 

138 

144 

149 

172 

172/212 

76 

70/218 


669 

670 

646 

653 

643 

642 

641 

639 

630 

629 

248 

256 

257 


4 

00 

00 

00 

00 

00 

00 

00 

00 

00 

00 

00 

00 

00 

00 

00 

00 

00 

00 

00 

00 

00 

00 

00 

00 


00 

00 

00 

00 

00 

00 

00 

00 

00 

00 

00 

00 

00 


5 

01 

02 

00 

04 

06 

00 

00 

00 

01 

03 

07 

13 

03 

04 

06 

00 

03 

05 

20 

27 

38 

03 

48 

12 


01 

29 

01 

00 

07 

01 

21 


888888 


00 


[ PART II— SEC . 3 ( ii ) ] 


01 


07 


04 


03 


00 


6 

23 

30 

84 

75 

65 

75 

01 

80 

72 

64 

57 

98 

59 

52 

41 

01 

69 

18 

39 

10 

56 

97 

76 

01 


56 

03 

54 

01 

52 

55 

59 

94 

94 

18 

51 

64 

45 


[ भाग II— खण्ड 3 ( ii ) ] 

1 


2 


भारत का राजपत्र : असाधारण 


3 

258 


255 

264 

263 

239 

234 

235 

232 

231 

230 

211 


209 

207 

208 

201 

205 

202 

204 

203 

196 

142 

141 

136 

135 

99 

134 

104 

103 

10 

12 

11 


32 

33 

34 

38 

54 

53 


4 

00 


00 

00 

00 

00 

00 

00 

00 

00 

00 

00 

00 

00 

00 

00 

00 

00 

00 

00 

00 

00 

00 

00 

00 

00 

00 

00 

00 

00 

00 

00 

00 

00 

00 

00 

00 

00 


5 

05 

02 

02 

03 

01 

16 

05 

03 

02 

08 

11 

09 

02 

00 

01 


LO 


88888 


00 


00 


03 


00 


00 


01 

03 

15 


01 

00 

16 


82g gg 8 5 5 8 


00 


10 


06 


05 

05 


02 


02 


00 


01 


01 


02 


6 

09 


39 

60 

16 

80 

39 

80 

88 

35 

34 

03 

68 

26 

01 

69 

95 

16 

71 

51 

01 

58 

69 

32 

51 

01 

02 

48 


24 

89 

60 

38 

81 

16 

01 

58 

44 

58 


27 


28 


1 


काशिनगर 


THE GAZETTE OF INDIA : EXTRAORDINARY 


2 


अलडा 05 


3 

52 

49 

49/712 

61 

63 

62 

534 

533 

535 

535/1108 

535/1109 

353 

531 

361 

360 

362 

363 

295 

296 

290 

287 

287/1072 

289/1083 

289 

245 

246/594 

246 

249 

256 

255 

257 


258 

259/1010 

259 

227/1216 

227 

224/1005 

224 


4 

00 

00 

00 

00 

00 


00 

00 

00 

00 

00 

00 

00 

00 

00 

00 

00 

00 

00 

00 

00 

00 

00 

00 

00 

00 

00 

00 

00 

00 

00 

00 


00 

00 

00 

00 

00 

00 

00 


[ PART II— SEC . 3 ( ii ) ] 

6 

29 

94 

34 

05 

22 

80 


5 

02 

10 

03 

11 

05 


00 


08 

02 

18 

01 

06 

00 

09 

05 

00 

04 

03 

02 

07 

07 

11 


03 

02 

03 

04 

05 

10 

19 

09 

03 

07 


00 

03 

12 

01 

01 

00 

17 


64 

69 

04 

40 

79 

04 

02 

23 

10 

08 

93 

08 

59 

86 

69 

35 

90 

61 

34 

68 

01 

44 

06 

24 

18 


02 

45 

58 

39 

44 

97 

33 


[ भाग II— खण्ड 3 ( ii ) ] 

1 


2 


भारत का राजपत्र : असाधारण 


3 

219 

220 

221 

92 

90 

89 

88 

84 

85 


6 

36 

15 

14 

42 

95 

83 

23 

25 

82 

85/996 

95 

82 

99 

86 

66 

67 

88 

67/997 

01 

66 

74 

66/1249 

26 

65 

97 

63 

39 

65/1250 

71 

64/1248 

93 

64 

56 

35 

05 

36 

47 

30 

34 

5 

39 

1 

83 

[ फा . सं . एल -14014 / 215 / 2022 - जीपी- II ई -44658 ] 

राकेश मिश्रा , अवर सचिव 


4 

00 

00 

00 

00 

00 

00 

00 

00 

00 

00 

00 

00 

00 


888 


00 


00 


00 


00 

00 

00 

00 

00 

00 

00 

00 

00 

00 


29 


5 

08 

08 

00 

03 

06 

02 

05 

06 

08 

00 

01 

02 

16 

00 

06 

03 

19 

00 

02 

02 

16 

03 

07 

62 

17 

54 


MINISTRY OF PETROLEUM AND NATURAL GAS 

NOTIFICATION 

New Delhi the 3rd October , 2022 

S. O. 4761 ( E ) .— Whereas by the notification of Government of India in Ministry of Petroleum and Natural 
Gas vide S. O. No. 1001 ( E ) dated 02.03.2022 and S.O No. 3518 ( E ) dated 26.07.2022 issued under sub- section ( 1 ) of 
section 3 of the Petroleum and Minerals Pipeline ( Acquisition of Right of Users in Land ) Act , 1962 ( 50 of 1962 ) 
( hereinafter referred to as the said Act ) , Government of India declared its intention to acquire the Right of User in the 
land specified in the Schedule appended to that notification for the purpose of laying pipeline for transportation of 
natural gas through Srikakulam - Angul Pipeline ( SAPL ) & Spur pipeline in the State of Odisha by GAIL ( India ) 
Limited ; 


And whereas copies of the said Gazette notification were made available to the public ; 

And , whereas the Competent Authority has , under sub - section ( 1 ) of Section 6 of the said Act , submitted his 
report to Government of India ; 


And whereas Government of India after considering the said report and on being satisfied that the said land is 
required for laying the pipelines , has decided to acquire the Right of User therein ; 


30 


[ PART II SEC . 3 ( ii ) ] 

Now , therefore , in exercise of the powers conferred by sub - section ( 1 ) of section 6 of the said Act , 
Government of India hereby declares that the Right of User in the land specified in the Schedule appended to this 
notification is hereby acquired for laying the pipeline ; 


And , further , in exercise of the powers conferred by sub - section ( 4 ) of Section 6 of the said Act , Government 
of India hereby directs that the Right of User in the land for laying the pipeline shall , instead of vesting in Government 
of India , vest , on this date of the publication of the declaration , in the GAIL ( India ) Limited , free from all 
encumbrances . 


Name of Tehsil 


1 

Kashinagar 


Kashinagar 


THE GAZETTE OF INDIA : EXTRAORDINARY 


Kashinagar 


SRIKAKULAM – ANGUL PIPELINE ( SPUR GAS PIPELINE ) 

LAND SCHEDULE 


District - Gajpati 


Name of Village - Thana No. 


2 

Gunabhadra - 114 


Chitrakaralakshmipur - 110 


Poluru - 111 


Survey No. 


3 

48 

47 

45 

41 

39 

38 

37 

23 


22 

20 

19 

260 

248 

247 

249 

253 

252 

255 

257 

256 

241 

242 

227 

232/1 

231 

228 

230 

229 

220 

221/1 

221/2 

590 

579 


State : Odisha 


Hector 

4 

00 

00 

00 

00 

00 

00 

00 

00 

00 

00 

00 

00 

00 

00 

00 

00 

00 

00 

00 

00 

00 

00 

00 

00 

00 

00 

00 

00 

00 

00 

00 

00 

00 


Area 


Are . 

5 

12 

01 

11 

00 

19 

03 

33 

00 

01 

11 

10 

00 

03 

01 

01 

02 

02 

02 

03 

02 

00 

20 

01 


00 

03 

00 

02 

03 

04 

02 

02 

03 

16 


Sq.mtr . 

6 

83 

84 

04 

08 

70 

58 

73 

81 

81 

46 

74 

42 

24 

54 

27 

35 

77 

67 

55 

29 

01 

08 

08 

64 

75 

35 

12 

58 

44 

87 

81 

34 

39 


[ भाग II— खण्ड 3 ( ii ) ] 


1 


2 


भारत का राजपत्र : असाधारण 


3 

578 

567/738 

567 

581 

567/737 

565 

563 

566 

562 

561 

530 

560 

560/703 

531 

532 

285 

286 

287 

290 

291 

294 

293 

295 

309 

308 

307 

306 

312 

314 

318 

318/716 

321 

321/649 


317 

325 

328 

331 

331/650 

332/651 

332 

335 


4 

00 

00 

00 

00 

00 

00 

00 

00 

00 

00 

00 

00 

00 

00 

00 

00 

00 

00 

00 

00 

00 

00 

00 

00 

00 

00 

00 

00 

00 

00 

00 

00 

00 


00 

00 

00 

00 

00 

00 

00 

00 


5 

04 

05 

02 

00 

00 

09 

12 

00 

06 

01 

00 

07 

00 

13 

05 

03 

12 

06 

04 

04 

05 

06 

06 

05 

07 

00 

02 

00 

02 

03 

02 

00 

02 


00 

03 

04 

10 

00 

03 

03 

13 


6 

68 

72 

31 

53 

12 

89 

51 

19 

76 

36 

25 

89 

16 

67 

77 

27 

77 

56 

36 

46 


17 

75 

65 

42 

14 


99 

08 

68 

05 

26 

32 

61 

16 


34 

15 

75 

36 

31 

79 

77 

07 


31 


32 


1 


Kashinagar 


Kashinagar 


THE GAZETTE OF INDIA : EXTRAORDINARY 


2 


Singpur - 112 


Metukaturu - 95 


3 

334 

131 

130 

132 

134 

133 

123 

124 

119 

118 

115 

116 

112 

111 

109 

70 

29 

30 

28 

25/1129 

25 

236 

237 


235 


211/259 


211 


211/260 


234 

233 

226 


213 

214 

66 


65 

63 

64 

251 

250 

62/272 


4 

00 

00 

00 

00 

00 

00 

00 

00 

00 

00 

00 

00 

00 

00 

00 

00 

00 

00 

00 

00 

00 

00 

00 


00 


00 

00 

00 


00 

00 

00 


00 

00 

00 


00 

00 

00 

00 

00 

00 


[ PART II - SEC . 3 ( ii ) ] 


5 

19 

02 

06 

01 

01 

02 

05 

01 

04 

03 

02 

01 

01 

01 

02 

11 

07 

00 

02 

12 

00 

08 

00 


00 


02 


16 

03 


00 

05 

08 


07 

06 

02 


05 

24 

00 

00 

04 

13 


6 

65 

22 

40 

41 

34 

96 

29 

70 

16 

20 

13 

88 

20 

19 

81 

98 

44 

10 

51 

28 

19 

13 

02 


03 


34 

89 

37 

44 

44 

72 


47 

55 

99 


12 


33 

24 

29 

12 

17 


[ भाग II— खण्ड 3 ( ii ) ] 


1 


Kashinagar 


2 


भारत का राजपत्र : असाधारण 


Shribisnupur - 96 


3 

62 


62/271 

686 

687 

685 

680 

679 

678 

677 

676 

92 

93/695 

93 

104 

111 

112 

110 

105 

113 

109 

114 

121 

115 


116 

117 

198 

191 


192 


193 

194 

190 

195 

189 

318 

258 

316 

317 

259 

304 

305 


4 

00 

00 

00 

00 

00 

00 

00 

00 

00 

00 

00 

00 

00 

00 

00 

00 

00 

00 

00 

00 

00 

00 

00 


00 

00 

00 

00 


00 


00 

00 

00 

00 

00 

00 

00 

00 

00 

00 

00 

00 


5 

10 

03 

08 

00 

22 

00 

06 

04 

00 

07 

00 

13 

07 

00 

02 

00 

01 

00 

01 

00 

01 

00 

00 


02 

00 

00 

00 


02 


02 

02 

01 


00 

04 

02 

00 

06 

03 

00 

02 

02 


6 

51 

09 

80 

13 

43 

88 

06 

20 

21 

28 

15 

47 

13 

60 

76 

01 


24 

14 

91 

04 

91 

49 

89 


39 

02 

15 

01 


66 


99 

29 

27 

55 

26 

31 

42 

55 

05 

51 

96 

33 


33 


34 


1 


Kashinagar 


Kashinagar 


THE GAZETTE OF INDIA : EXTRAORDINARY 


2 


Hunnali Jagannathapur - 92 


Debadala - 69 


3 

306 

309 

307 

300 

308 

310 

311 

339 

368 

367 

366 

36/3 

39/5 

39/6 

39/7 

39/8 

40/8 

40/7 

54 

56/1 

56/4 


56/3 

56/2 

58/1 

57/4 

57/5 

57/7 

58/4 

60/10 

60/5 

59/2 

60/8 

60/9 

517 

515 

512/1091 

513 

514 

511 

492 

493/1159 


4 

00 

00 

00 

00 

00 

00 

00 

00 

00 

00 

00 

00 

00 

00 

00 

00 

00 

00 

00 

00 

00 


00 

00 

00 

00 

00 

00 

00 

00 

00 

00 

00 

00 

00 

00 

00 

00 

00 

00 

00 

00 


[ PART II SEC . 3 ( ii ) ] 


5 

04 

02 

00 

00 

00 

01 

00 

07 

08 

10 


25 

46 

02 

03 

03 

09 

04 

01 

01 

14 

00 


00 

01 

00 

03 

00 

04 

00 

03 

22 

01 

01 

02 

06 

05 

01 

04 

00 

07 

06 

00 


6 

97 

06 

05 

01 

94 

01 

05 

38 

28 

24 

32 

03 

95 

10 

96 

52 

30 

44 

82 

33 

27 


01 

29 

51 

48 

94 

69 

20 

54 

46 

28 

37 

65 

31 

87 

49 

70 

01 

50 

82 

06 


[ भाग II— खण्ड 3 ( ii ) ] 


1 


2 


भारत का राजपत्र : असाधारण 


3 

489 

488 

487 

486 

484 

483 

482 

481 

473 

480 

475 

474 


414 

476 

413 

411 


410 

374 

375 

376 


378 


377 


314 

315 

315/1179 

317 

319 

316 

279 

277/1150 

277 

275 

276 

240 

239 

212 

213 

214 

211 

210 


4 

00 

00 

00 

00 

00 

00 

00 

00 

00 

00 

00 

00 

00 

00 

00 

00 


00 

00 

00 

00 


00 


00 


00 

00 

00 

00 

00 

00 

00 

00 

00 

00 

00 

00 

00 

00 

00 

00 

00 

00 


5 

08 

00 

09 

00 

06 

02 

00 

07 

02 

00 

06 

00 

01 

01 

00 

00 


07 

03 

07 

02 


00 


02 


02 

02 

00 

03 

07 

04 

00 

00 

08 

00 

02 

04 

00 

10 

00 

04 

01 

01 


6 

84 

83 

41 

26 

04 

64 

47 

11 

17 

35 

78 

01 


09 

57 

96 

84 

06 

71 

07 

57 


72 


87 


28 

20 

46 

57 

88 

38 

34 

02 

21 

97 

07 

25 

36 

41 

03 

85 

08 

04 


35 


36 


1 


Kashinagar 


1 


THE GAZETTE OF INDIA : EXTRAORDINARY 


2 


Bisiringi - 67 


3 

174/1209 


173 

172 

176 

171 

177 

166 

915 

916 

936 


935 


932 

937 

930 

931 

929 


940 


946 

947 

949/1183 

949 


619 

628 

633 

632 

629 

626 

625 

623 

624/669 

624/667 

506 

507/679 
510 

481/671 

481 

484 

472 


4 

00 


00 

00 

00 

00 

00 

00 

00 

00 

00 


00 


00 

00 

00 

00 

00 


00 

00 

00 

00 

00 


00 

00 

00 

00 

00 

00 

00 

00 

00 

00 

00 

00 

00 

00 

00 

00 

00 


[ PART II - SEC . 3 ( ii ) ] 


5 

04 


05 

00 

04 

02 

04 

22 

02 

15 

05 


02 


03 

01 

01 

01 


02 


13 

17 

00 

00 

18 


06 

25 

00 

02 

06 

02 

04 

01 

03 

06 

16 

09 

00 

01 


16 

12 

08 


6 

28 

24 

53 

05 

03 


70 

23 

83 

96 

09 


32 


40 

19 

39 

35 

46 


13 

97 

77 

96 

44 


69 

86 

18 

93 

54 

37 

77 

52 

28 

36 

67 

34 

67 

55 

39 

48 

28 


[ भाग II— खण्ड 3 ( ii ) ] 


1 


Kashinagar 


2 


भारत का राजपत्र : असाधारण 


Nabhada - 64 


3 

474 

457 

456 

451 

459 

455 

454 

400 

453 

444 


443 


416 


417 

419 

420 

421 

422 

430 

429 

322 


659 

643 

644/741 

656 

644 

647 

648 

650 

651 

401 

450 

402 

403 

406 

407 

340/973 

340 

338 

334 

337 


4 

00 

00 

00 

00 

00 

00 

00 

00 

00 

00 


00 


00 


00 

00 

00 

00 

00 

00 

00 

00 


00 

00 

00 

00 

00 

00 

00 

00 

00 

00 

00 

00 

00 

00 

00 

00 

00 

00 

00 

00 


5 

01 

17 

00 

10 

04 

00 

04 

01 

03 

07 

00 


03 


01 

00 


03 

05 

11 

00 

03 

07 


08 

00 

00 

09 

00 

01 

01 

12 

03 


35 

03 

03 

09 

02 

00 

01 

01 

00 

00 

01 


6 

67 

31 

08 

40 

52 

33 

42 

90 

15 

33 


65 


97 


93 

20 

77 

05 

44 

34 

22 

38 


96 

14 

08 

69 

63 

42 

35 

87 

38 

08 

67 

68 

03 

70 

46 

28 

50 

23 

02 

93 


37 


38 


1 


Kashinagar 


Kashinagar 


THE GAZETTE OF INDIA : EXTRAORDINARY 


2 


DhanaSara - 63 


Katuru - 58 


3 

336/1096 

313 

312 

311 


304 


305 

278 


265 


254 

259 


260 

261 

262 

272 


97 

99 

101 

60 

102 

59 

52 

58 

57 

54 

53 

2 

51 

9 

10 

11 


115 

116 

117 

120 

118 

119 

124/282 

124 


4 

00 

00 

00 

00 


00 

00 

00 


00 


00 

00 


00 

00 

00 

00 


00 

00 

00 

00 

00 

00 

00 

00 

00 

00 

00 

00 

00 

00 

00 

00 


00 

00 

00 

00 

00 

00 

00 

00 


[ PART II SEC . 3 ( ii ) ] 


5 

17 

02 

08 

05 


17 

03 

02 


04 


09 

02 


02 

02 

00 

06 


00 

11 

07 

04 


03 

08 

16 

00 

01 


01 

01 

14 


06 

04 

12 

00 


05 

00 

04 

00 

00 

18 

00 

17 


6 

51 

00 

79 

70 


61 

56 

23 


44 


73 

43 


50 

70 

19 

50 


31 

44 

51 

16 

06 

68 

28 

10 

12 

58 

77 

07 

14 

07 

81 

56 


97 

07 

63 

48 

93 

17 

64 

99 


[ भाग II— खण्ड 3 ( ii ) ] 


1 


Kashinagar 


Kashinagar 


| 


2 


भारत का राजपत्र : असाधारण 


Chadangipura - 59 


Jayapura - 57 


3 

140 

139 

142 


144 


143 


145 

145/284 

157 

162 

163 

161/301 

192 

161/302 

191 

189 

187 


220/669 

219 

218 

216 

216/459 

69/670 

69 

50 

7/663 

7 

6 

5 


1/449 


1 

3 

2 

25 

26 

29 


771 

770 


4 

00 

00 

00 


00 


00 

00 

00 

00 

00 

00 

00 

00 

00 

00 

00 

00 


00 

00 

00 

00 

00 

00 

00 

00 

00 

00 

00 

00 


00 


00 

00 

00 

00 

00 

00 


00 

00 


5 

07 

00 

03 


07 


01 

06 

05 

21 

05 

00 

11 

05 

04 

04 

01 

03 


03 

07 

00 

01 

03 

01 

01 

00 

00 

09 

15 

07 


05 


05 

05 

05 

10 

00 

00 


03 

12 


6 

09 

07 

58 


61 


00 


04 

67 

98 

63 

95 

63 

38 

06 

26 

55 

38 


43 

35 

17 

50 

93 

81 

81 

84 

47 

83 

35 

14 


22 


84 

66 

56 

45 

35 

64 


55 

00 


39 


40 


1 


Kashinagar 


Kashinagar 


| 


THE GAZETTE OF INDIA : EXTRAORDINARY 


2 


Hadubhangi - 60 


Khanduru - 56 


3 

769 


768 

766 

764 

594 

591 

590 

544 

545 

588 

587 

586 


8 

9 

15 

16 

17 

18 

22 

23 

23/719 
1 


720 

719 

721 

718 

725 

717 

726 

737 

736 

727 

735 


747 


748/1308 


748 


744 


4 

00 


00 

00 

00 

00 

00 

00 

00 

00 

00 

00 

00 


00 

00 

00 

00 

00 

00 

00 

00 

00 

00 


00 

00 

00 

00 

00 

00 

00 

00 

00 

00 

00 


00 


00 


00 


00 


[ PART II SEC . 3 ( ii ) ] 


5 

07 


21 

11 

15 

00 

07 

05 

00 

00 

00 

04 

00 


05 

00 

08 

10 

12 

17 

01 


04 

05 

02 


04 

02 

00 

10 

07 

00 

06 

00 

02 

00 

09 

13 


03 


02 


03 


6 

72 


60 


18 

69 

01 

09 

11 

92 

83 

66 

03 

11 


13 

25 

42 

22 

89 

86 

16 

60 

00 

79 


45 

36 

05 

13 

98 

01 

51 

04 

59 

25 

54 

30 


51 


93 


90 


[ भाग II— खण्ड 3 ( ii ) ] 


1 


1 


2 


भारत का राजपत्र : असाधारण 


3 

749 

893 

871 

895 

894 

435 

436 

388/1361 

378 

379 

387 

386 

385 

384 

391 

392 

393 

394 

412 

400 

399 

401 

402 

345 

403 

226 

229 

227 

228 

231 

224 

232 


234 


233 


222 

220 

213 

215 


216 


217 


4 

00 

00 

00 

00 

00 

00 

00 

00 

00 

00 

00 

00 

00 

00 

00 

00 

00 

00 

00 

00 

00 

00 

00 

00 

00 

00 

00 

00 

00 

00 

00 

00 


00 


00 


00 

00 

00 

00 


00 


00 


5 

00 

01 

00 

08 

05 

03 

00 

00 

02 

12 

00 

04 

05 

01 

01 

05 

08 

00 

00 

06 

02 

00 

08 

00 

08 

07 

00 

00 

05 

04 

00 

00 


00 


02 


04 

00 

04 

04 


00 


03 


6 

11 


32 

23 

38 

81 

05 

51 

71 

05 

38 

09 

54 

98 

96 

11 

14 

26 

58 


18 


14 

36 

46 

31 

93 

20 

20 

61 

85 

23 

58 

28 

59 


69 


87 


86 

15 

41 

26 


24 


57 


41 


42 


1 


Kashinagar 


THE GAZETTE OF INDIA : EXTRAORDINARY 


2 


Gokula - 54 


3 

195 

133 

132 

131 

130 

129 

128 

124 

126 

125 

114 

109 

111 

112 

81 

55 

80 

56 

57 

65 

64 

67 

63 

62 

68 

61 

69 

70 

72 

71 

36 

24 

25/1370 

25 


26 

29 


27 

28 


798 

776 


4 

00 

00 

00 

00 

00 

00 

00 

00 

00 

00 

00 

00 

00 

00 

00 

00 

00 

00 

00 

00 

00 

00 

00 

00 

00 

00 

00 

00 

00 

00 

00 

00 

00 

00 


00 


00 


00 

00 


00 

00 


[ PART II - SEC . 3 ( ii ) ] 


5 

00 

03 

01 

01 

00 

02 

01 

02 

03 

01 

03 

00 

10 

07 

03 

01 

00 

02 

01 

00 

00 

00 

01 

02 

00 

00 

03 

00 

01 

01 

02 

04 

00 

04 

03 

00 


00 

04 


00 

01 


6 

01 

59 

49 

22 

39 

53 

65 

67 

21 

35 

71 

01 

02 

03 

94 

39 

09 

65 

59 

10 

90 

01 

37 

20 

95 

17 

11 

40 

17 

09 

59 

62 

93 

60 


63 

29 


14 

43 


07 

08 


[ भाग II— खण्ड 3 ( ii ) ] 


1 


Kashinagar 


2 


भारत का राजपत्र : असाधारण 


Apalanaidupeta - 53 


3 

775 

774 

770 

769 

757 

758 

756 

755 

759 

761 

762 

630 

629 

584 

585 

505 

502 

501 

503 

500 

499 

495 

496 

497 

490 


187 


186 


188 


180 

184 

120 

120/245 

115 

116 

119 

117 

113 

125 


4 

00 

00 

00 

00 

00 

00 

00 

00 

00 

00 

00 

00 

00 

00 

00 

00 

00 

00 

00 

00 

00 

00 

00 

00 

00 


00 


00 


00 


00 

00 

00 

00 

00 

00 

00 

00 

00 

00 


5 

02 

00 

06 

00 

01 

00 

02 

00 

05 

01 

00 

01 

04 

06 

01 

00 

06 

00 

00 

00 

04 

00 

03 

00 

03 


00 


01 


04 


00 

04 

04 

03 

01 

02 

01 

08 

00 

03 


6 

55 

15 

29 

12 

68 

23 

17 

27 

82 

68 

50 

30 

75 

55 

87 

23 

24 

77 


02 


77 

42 

06 

27 

58 

49 


95 


52 


72 


88 

90 

78 

26 

58 

31 

84 

23 

22 

36 


43 


44 


1 


Kashinagar 


Kashinagar 


Kashinagar 


I 


THE GAZETTE OF INDIA : EXTRAORDINARY 


2 


Bhenkatapur - 52 


Karatam - 46 


Kaithabhadra_44 


3 

69 

70 

71 

72 

59 

57 

58 

56 

49 


50 

46 

43 

42 

41 

18 

25 

26 

27 

29 

28 


290 


422 

421 

420 

417 

416 

415 

414 

411 

413 

412 

375 

373 

374 

370 


363 


4 

00 

00 

00 

00 

00 

00 

00 

00 


00 


00 

00 

00 

00 

00 

00 

00 

00 

00 

00 

00 


00 


00 


00 

00 

00 

00 

00 

00 

00 

00 

00 

00 

00 

00 

00 


00 


[ PART II - SEC . 3 ( ii ) ] 


5 

26 

01 

00 

21 

00 

02 

03 

13 


01 


05 

06 

00 

09 

17 

00 

06 

10 

09 

00 

00 


00 


02 

09 

06 

02 

00 

01 

01 

01 

03 

11 

14 

08 

04 

00 


01 


6 

55 

07 

91 

73 

54 

81 


50 


19 

04 


18 

16 

56 

12 

99 

66 

68 

77 

43 

28 

17 


14 


41 

79 

58 

67 

30 

98 

19 

98 

17 

55 

97 

74 

65 

05 


53 


[ भाग II— खण्ड 3 ( ii ) ] 


1 


Kashinagar 


Kashinagar 


2 


भारत का राजपत्र : असाधारण 


Rameyapeta - 45 


Papeyapeta - 43 


3 

362 

356 

357 

349 

313 

313/490 

321 

292 

302 

301 

293 

300 

295 

297 

296 

137/370 

287 

160/494 

160 

159 

161/390 


161 


162 


155 

154 

152 

57 

52 

51 

50 

49 

48 

2/83 

5 

2 

4 

1 

7 


343 


4 

00 

00 

00 

00 

00 

00 

00 

00 

00 

00 

00 

00 

00 

00 

00 

00 

00 

00 

00 

00 

00 

00 


00 


00 

00 

00 

00 

00 

00 

00 

00 

00 

00 

00 

00 

00 

00 

00 


00 


5 

13 

00 

02 

00 

06 

01 

01 

03 

00 

00 

03 

05 

00 

02 

00 

04 

03 

01 

01 


00 

01 


04 


01 


07 

06 

07 

01 


15 

06 

03 

00 

07 

00 

01 

01 

01 

12 

01 


05 


6 

58 

56 

71 

11 

62 

18 

21 

22 

01 

01 

52 

14 

38 

03 

76 

14 

87 

65 

04 

31 

01 


49 


59 


65 

36 

01 

44 

19 

24 

02 

90 

55 

02 

41 

78 

77 

23 

69 


45 


44 


46 


1 


Kashinagar 


THE GAZETTE OF INDIA : EXTRAORDINARY 


2 


Rajpur - 42 


3 

388 

387 

386 

383 

382 

381 

380 

379 

368 

367 


366 


365 

325 

220 

221 

219 

233 


235 

236 

237 


510 

511 

509/666 

509 

513 

512 

547 

548 

543 

544 

542 

724 

518 

535 

534/707 

536/708 
536 

534/705 

436/834 


4 

00 

00 

00 

00 

00 

00 

00 

00 

00 

00 


00 


00 

00 

00 

00 

00 

00 

00 

00 

00 


00 

00 

00 

00 

00 

00 

00 

00 

00 

00 

00 

00 

00 

00 

00 

00 

00 

00 

00 


[ PART II SEC . 3 ( ii ) ] 


5 

03 

00 

08 

03 

03 

00 

04 

01 

01 

03 


05 


12 

00 

03 

09 

10 

06 


01 

05 

04 


06 

03 

00 

06 

04 

09 

08 

02 

04 

00 

05 

00 

01 

02 

01 

00 

03 

04 

00 


6 

34 

70 

59 

71 

90 

25 

25 

00 

19 

83 


84 


84 

66 

07 

99 

58 

39 

98 

69 

76 


83 

25 

34 

74 


41 

12 

89 

26 

59 

01 

70 

78 

06 

57 

14 

79 

87 

12 

61 


[ भाग II— खण्ड 3 ( ii ) ] 


1 


Kashinagar 


2 


भारत का राजपत्र : असाधारण 


Madhusudanpur - 34 


3 

436 

437 

438 

187 

186/859 

186 

185 

126 

127 

183 

127/609 

182/602 

182 

134 

181 

135 

137 


139 

140 

138 

141 

136 

141/592 

118 

8 

6 

5 

694 

693 

690 

691 

673 

360 

359 

353 

350 

352 

350/954 

349 

344 


4 

00 

00 

00 

00 

00 

00 

00 

00 

00 

00 

00 

00 

00 

00 

00 

00 


00 


00 

00 

00 

00 

00 

00 

00 

00 

00 

00 

00 

00 

00 

00 

00 

00 

00 

00 

00 

00 

00 

00 

00 


5 

10 

01 

04 

05 

02 

03 

03 

04 

02 

06 

02 

02 

03 

05 

02 

01 

04 


01 

00 

03 

06 

01 

00 

00 

10 

10 

01 

02 

12 

01 

10 

05 

00 

00 

09 

00 

03 

00 

11 

04 


6 

27 

21 

78 

82 

58 

21 


32 

36 

43 

70 

44 

75 

53 

59 

55 

65 


96 


47 


81 

01 

22 

29 

17 

48 

87 

77 

32 

42 

19 

26 

01 

89 

27 

05 

27 

34 

75 

74 

47 

63 

65 


48 


1 


THE GAZETTE OF INDIA : EXTRAORDINARY 


2 


3 

342 

341 

340 

332 


331 

323 

315 

316 

317 

319 

322 


219 

197 

197/902 

197/901 

197/900 
191 

168/961 

182 

170 

171 

175 

174 

172 

173 

136 

135 

129 

128 

113 

112 

111 

115 

116 

117 

118 

119 

100 

99 

120 

86 


4 

00 

00 

00 

00 


00 

00 

00 

00 

00 

00 

00 


00 

00 

00 

00 

00 

00 

00 

00 

00 

00 

00 

00 

00 

00 

00 

00 

00 

00 

00 

00 

00 

00 

00 

00 

00 

00 

00 

00 

00 

00 


[ PART II - SEC . 3 ( ii ) ] 


5 

00 

17 

00 

02 


02 

04 

06 

03 

07 

06 

04 


09 

07 

00 

10 

03 

06 

00 

01 

10 

03 

01 

02 

00 

05 

00 

03 

05 

05 

03 

02 

00 

03 

02 

02 

02 

02 

04 

00 

01 

00 


6 

35 

57 

46 

86 


59 

21 

23 

33 

97 

28 

33 


52 

31 

01 

34 

33 

04 

77 

05 

89 

13 

70 

76 

01 

43 

60 

96 

22 

59 

65 

65 

09 

31 

40 

98 

81 

95 

11 


52 

43 

10 


[ भाग II— खण्ड 3 ( ii ) ] 


1 


Kashinagar 


2 


भारत का राजपत्र : असाधारण 


Haripur - 41 


3 

88 

89 


90 

51 

52 

50 

49 

49/956 

48 


47 

46 

45 

44 

43 

34 

36 

37 


388 

383/871 

383/738 

382 

390 

406/899 

407 

380 

408 

409 

425 


363 

359 

360 

356 

355 

360/854 

354 

429 

350/853 

350 


4 

00 

00 


00 

00 

00 

00 

00 

00 


00 


00 

00 

00 

00 

00 

00 

00 

00 


00 

00 

00 

00 

00 

00 

00 

00 

00 

00 

00 


00 

00 

00 


00 

00 

00 

00 

00 

00 

00 


5 

05 

04 


00 

02 

00 

05 

03 

00 


06 


00 

02 

02 

02 

03 

02 

05 

02 


02 

08 

00 

10 

06 

04 

15 

00 

05 

04 

00 


00 

03 


02 


00 

02 

00 

01 

00 

00 

05 


6 

48 

19 


01 

07 

45 

14 

34 

98 


78 


03 

47 

33 

23 

07 

90 

35 

71 


48 

29 

14 

47 

28 

50 

52 

09 

58 

16 

49 


92 

46 

34 


56 

62 

29 

80 

01 

01 

33 


49 


50 


1 


Kashinagar 


Kashinagar 


THE GAZETTE OF INDIA : EXTRAORDINARY 


2 


Khurigan - 40 


Bhupatilaxmipur - 35 


3 

348 


347 


346 

345 


654 

653 

617/715 

618/745 

618 

619 

620 

622 

631 

633 

630 

628 

627/833 

627 

399 

394 

391/698 

391 

390 

389 

388/759 

388 


856 

857/1818 

853/1964 

857/1975 

857/1974 
857 


857/1305 


857/1526 

851 
850/1527 

858 


4 

00 


00 


00 

00 


00 

00 

00 

00 

00 

00 

00 

00 

00 

00 

00 

00 

00 

00 

00 

00 

00 

00 

00 

00 

00 

00 


00 

00 

00 

00 

00 

00 


00 


00 


00 

00 

00 


[ PART II - SEC . 3 ( ii ) ] 


5 

03 


06 


03 

00 


00 

05 

05 

04 

04 

06 

05 

07 

05 

06 

00 

08 

02 

01 

11 

04 

00 

09 

02 

01 

01 

09 


23 

01 

03 

05 

01 

40 


09 


00 

00 

01 

09 


6 

00 


76 


03 

30 


43 

64 

92 

10 

94 

50 

47 

35 

61 

83 

31 

24 

79 

46 

32 

63 

71 

54 

89 

03 

09 

87 


52 

72 

05 

06 

31 

70 


06 


39 

07 

67 

83 


[ भाग II— खण्ड 3 ( ii ) ] 


1 


Kashinagar 


Kashinagar 


Kashinagar 


2 


भारत का राजपत्र : असाधारण 


Kuppiligoppinathpeta - 19 


Ramchandrapur - 18 


Karanibhadra - 26 


3 

859 

862 

860 

850/1529 

850/1236 

251 

253 

254/34 

254 

255 

241/297 

241/320 

240 

207/381 

207 


206 


54 

55 

53 


52 


50 

51 

46 

8 

7 

9 

5 

6 

4 


253 


252 


251 


256 

257 

250 

249 


4 

00 

00 

00 

00 

00 

00 

00 

00 

00 

00 

00 

00 

00 

00 

00 

00 


00 

00 

00 


00 

00 

00 

00 

00 

00 

00 

00 

00 

00 


00 


00 


00 


00 

00 

00 

00 


5 

06 

06 

07 

09 

19 

00 

02 

00 

15 

02 

00 

00 

11 

03 

06 

06 


04 

00 


11 


05 

03 

07 

01 

01 

02 

00 

05 

01 

04 


04 


12 


02 

02 

00 

11 

04 


6 

18 

50 

19 

47 

92 

92 

25 


22 

44 

11 

01 

73 

84 

16 


00 


85 

68 

34 


96 

08 

69 

28 

17 

88 

87 

25 

49 

83 


15 


13 


96 


51 


55 

22 

32 

08 


52 


1 


THE GAZETTE OF INDIA : EXTRAORDINARY 


2 


3 

240 

236 

235 

233 

234 

232 

227 

230 

229 

214 

212 

213 

211 

209 

208 

207 

205 

204 

202 

199 

198 

197 

188 

187 

182 

181 

180 

179 


100 

178 

99 

97 

96 

84 

85 

86 

81 


80 

66 

62 


4 

00 

00 

00 

00 

00 

00 

00 

00 

00 

00 

00 

00 

00 

00 

00 

00 

00 

00 

00 

00 

00 

00 

00 

00 

00 

00 

00 


00 


00 

00 

00 

00 

00 

00 

00 

00 

00 


00 

00 

00 


[ PART II SEC . 3 ( ii ) ] 


5 

14 

04 

05 

05 

01 

00 

08 

08 

06 

14 

02 

00 

01 

10 

00 

16 

00 

01 

01 

01 


02 

11 

06 

01 

07 

11 

01 

01 


00 

00 

10 

05 

10 

00 

06 

07 

09 


00 

07 

25 


6 

41 

61 

34 

11 

14 

62 

94 

90 

29 

42 

99 

43 

09 

92 

37 

31 

13 

10 

03 

72 

02 

37 

53 

04 

10 

39 

97 

19 


67 

53 

71 

06 

86 

41 

37 

13 

44 


72 

77 

21 


[ भाग II— खण्ड 3 ( ii ) ] 


1 


Kashinagar 


Kashinagar 


Kashinagar 


2 


भारत का राजपत्र : असाधारण 


Chandreyapeta - 25 


Siali - 20 


Gariaguda - 22 


3 

49 

50 

35/431 

34 

33 

32 

26 

31 

27 

25 

24 

22 

21 


437 

436 


134 

135 

136 

137 

138 

144 


149 


172 


172/212 

76 

70/218 


669 

670 

646 

653 

643 

642 

641 

639 

630 

629 


4 

00 

00 

00 

00 

00 

00 

00 

00 

00 

00 

00 

00 

00 


00 

00 


00 

00 

00 

00 

00 

00 


00 


00 

00 

00 

00 


00 

00 

00 


00 

00 

00 

00 

00 

00 

00 


5 

08 

01 

01 

02 

00 

04 

06 

00 

00 

00 

01 

03 

07 


13 

03 


04 

06 

00 

03 

05 


20 


27 

38 

03 

48 

12 


01 

29 

01 


00 

07 

01 

21 

00 

01 

07 


6 

76 

69 

23 

30 

84 

75 

65 

75 

01 

80 

72 

64 

57 


98 

59 


52 

41 

01 

69 

18 

39 


10 


56 

97 

76 

01 


56 

03 

54 

01 

52 

55 

59 

94 

94 

18 


53 


54 


1 


THE GAZETTE OF INDIA : EXTRAORDINARY 


2 


3 

248 

256 

257 

258 

255 

264 

263 

239 

234 

235 

232 

231 

230 

211 

209 

207 

208 

201 

205 


202 


204 

203 

196 

142 

141 

136 

135 

99 

134 

104 

103 


10 

12 

11 

32 

33 

34 

38 

54 

53 


4 

00 

00 

00 

00 

00 

00 

00 

00 

00 

00 

00 

00 

00 

00 

00 

00 

00 

00 

00 


00 

00 

00 

00 

00 

00 

00 

00 

00 

00 

00 

00 


00 

00 

00 

00 

00 

00 

00 

00 

00 


[ PART II - SEC . 3 ( ii ) ] 


5 

04 

03 

00 

05 

02 

02 

03 

01 

16 

05 

03 

02 

08 

11 

09 

02 

00 

01 

00 


00 

03 

00 

00 

01 

03 

15 

01 

00 

16 

00 

10 


06 


05 

05 

02 

02 

00 

01 

01 

02 


6 

51 

64 

45 

09 

39 

60 

16 

80 

39 

80 

88 

35 

34 

03 

68 

26 

01 

69 

95 


16 

71 

51 

01 

58 

69 

32 

51 

01 

02 

48 

24 


89 


60 

38 

81 

16 

01 

58 

44 

58 


[ भाग II— खण्ड 3 ( ii ) ] 


1 


Kashinagar 


2 


भारत का राजपत्र : असाधारण 


Alada - 05 


3 

52 

49 

49/712 

61 

63 

62 

534 

533 

535 

535/1108 

535/1109 

353 

531 

361 

360 

362 

363 

295 

296 

290 

287 

287/1072 

289/1083 

289 

245 


246/594 


246 


249 

256 

255 

257 

258 

259/1010 
259 
227/1216 
227 

224/1005 

224 

219 

220 

221 


4 

00 

00 

00 

00 

00 

00 

00 

00 

00 

00 

00 

00 

00 

00 

00 

00 

00 

00 

00 

00 

00 

00 

00 

00 

00 

00 


00 


00 

00 

00 

00 

00 

00 

00 

00 

00 

00 

00 

00 

00 

00 


5 


02 

10 

03 

11 

05 

00 

08 

02 

18 

01 

06 

00 

09 

05 

00 

04 

03 

02 

07 

07 

11 

03 

02 

03 

04 

05 


10 


19 

09 

03 

07 

00 

03 


12 

01 


01 

00 

17 

08 

08 

00 


29 

94 

34 

05 

22 

80 

64 

69 

04 

40 

79 

04 

02 

23 

10 

08 

93 

08 

59 

86 

69 

35 

90 

61 

34 

68 


01 


44 

06 

24 

18 

02 

45 

58 

39 


6 


44 

97 

33 

36 

15 

14 


55 


56 


1 


THE GAZETTE OF INDIA : EXTRAORDINARY 


2 


3 

92 

90 

89 

88 

84 

85 

85/996 

82 

86 

67 

67/997 

66 

66/1249 

65 

63 

65/1250 


64/1248 


4 

00 

00 

00 

00 

00 

00 

00 

00 

00 

00 

00 

00 

00 

00 

00 

00 


64 

35 

36 

30 

5 

1 


00 


00 

00 

00 

00 

00 

00 


[ PART II SEC . 3 ( ii ) ] 


5 


MANOJ KUMAR 
VERMA 


03 

06 

02 

05 

06 

08 

00 

01 

02 

16 

00 

06 

03 

19 

00 

02 


02 


56 

05 

47 

34 

39 

83 

[ F. No. L - 14014 / 215 / 2022 - GP – II CE - 44658 ] 

RAKESH MISHRA , Under Secy . 


16 

03 

07 

62 

17 

54 


Uploaded by Dte . of Printing at Government of India Press , Ring Road , Mayapuri , New Delhi - 110064 
and Published by the Controller of Publications , Delhi - 110054 . 


Digitally signed by MANCU 
KUMAR VERMA 
Date : 2022.1008 165405 +05 30 


6 


42 

95 

83 

23 

25 

82 

95 

99 

66 

88 

01 

74 

26 

97 

39 

71 


93 


